shape=3072,2304 round=1 variant=baseline n=3072 nc=2304 reps=31 median_us=412.193000 gops=34.342592 checksum=-7944.5326308 samples_us=409.228000,409.318000,409.414000,409.538000,409.645000,409.660000,409.672000,409.746000,411.085000,411.303000,411.318000,411.721000,411.729000,411.825000,412.034000,412.193000,412.229000,412.342000,412.431000,412.580000,412.673000,412.922000,413.134000,413.387000,413.852000,414.126000,414.479000,415.150000,415.278000,415.904000,416.865000,
shape=3072,2304 round=1 variant=q6-fused-unroll4 n=3072 nc=2304 reps=31 median_us=460.771000 gops=30.721933 checksum=-7944.5320846 samples_us=457.804000,457.914000,457.927000,458.107000,458.284000,458.303000,458.307000,458.856000,459.877000,460.255000,460.363000,460.444000,460.518000,460.646000,460.756000,460.771000,460.961000,461.108000,461.279000,461.281000,461.509000,461.609000,461.618000,461.680000,461.752000,461.840000,462.496000,462.812000,463.055000,463.619000,464.346000,
shape=3072,2304 round=2 variant=baseline n=3072 nc=2304 reps=31 median_us=412.268000 gops=34.336344 checksum=-7944.5326308 samples_us=410.008000,410.050000,410.058000,410.088000,410.161000,410.162000,410.244000,410.559000,410.867000,411.426000,411.709000,411.718000,411.744000,411.898000,411.934000,412.268000,412.400000,412.466000,412.680000,412.732000,413.015000,413.228000,413.918000,414.138000,414.178000,414.587000,414.639000,415.509000,416.074000,418.070000,420.736000,
shape=3072,2304 round=2 variant=q6-fused-unroll4 n=3072 nc=2304 reps=31 median_us=449.793000 gops=31.471757 checksum=-7944.5320846 samples_us=446.757000,446.852000,447.094000,447.167000,447.239000,447.242000,447.515000,447.769000,447.791000,448.590000,449.199000,449.207000,449.265000,449.474000,449.525000,449.793000,449.810000,450.069000,450.124000,450.649000,451.192000,451.891000,451.930000,452.041000,452.110000,452.473000,452.659000,452.866000,453.606000,453.731000,468.079000,
shape=3072,2304 round=3 variant=baseline n=3072 nc=2304 reps=31 median_us=412.550000 gops=34.312874 checksum=-7944.5326308 samples_us=409.729000,409.750000,409.832000,409.844000,410.016000,410.158000,410.372000,410.439000,410.465000,410.521000,410.722000,411.651000,411.786000,411.788000,411.845000,412.550000,412.618000,412.705000,412.721000,412.775000,412.791000,412.808000,413.269000,413.660000,414.474000,414.886000,415.062000,415.457000,415.763000,416.281000,417.229000,
shape=3072,2304 round=3 variant=q6-fused-unroll4 n=3072 nc=2304 reps=31 median_us=451.823000 gops=31.330357 checksum=-7944.5320846 samples_us=449.151000,449.226000,449.278000,449.309000,449.324000,449.340000,449.361000,449.443000,449.488000,451.110000,451.158000,451.191000,451.244000,451.602000,451.772000,451.823000,451.959000,452.228000,452.353000,452.476000,452.489000,452.646000,453.120000,453.523000,453.943000,453.998000,454.594000,454.982000,455.081000,456.432000,464.722000,
shape=3072,2304 round=4 variant=baseline n=3072 nc=2304 reps=31 median_us=411.080000 gops=34.435575 checksum=-7944.5326308 samples_us=408.170000,408.274000,408.390000,408.549000,408.557000,408.688000,408.721000,408.798000,408.957000,409.056000,409.148000,410.457000,410.673000,410.801000,410.965000,411.080000,411.348000,411.860000,412.184000,412.287000,412.354000,412.462000,412.713000,412.795000,413.550000,414.314000,414.845000,415.133000,415.295000,415.601000,415.647000,
shape=3072,2304 round=4 variant=q6-fused-unroll4 n=3072 nc=2304 reps=31 median_us=464.891000 gops=30.449667 checksum=-7944.5320846 samples_us=460.170000,460.223000,461.905000,462.693000,462.841000,462.945000,463.312000,463.505000,463.519000,463.601000,464.025000,464.275000,464.615000,464.689000,464.859000,464.891000,465.036000,465.125000,465.253000,465.386000,465.499000,465.636000,466.057000,466.278000,466.357000,466.906000,467.280000,468.133000,468.379000,468.486000,468.569000,
shape=3072,2304 round=5 variant=baseline n=3072 nc=2304 reps=31 median_us=413.165000 gops=34.261799 checksum=-7944.5326308 samples_us=410.563000,410.695000,411.122000,411.347000,411.443000,411.452000,411.543000,411.690000,411.761000,412.280000,412.536000,412.556000,412.754000,412.925000,412.946000,413.165000,413.436000,413.536000,413.716000,414.062000,414.066000,414.127000,414.976000,415.184000,415.531000,415.822000,415.880000,416.217000,416.890000,417.204000,418.053000,
shape=3072,2304 round=5 variant=q6-fused-unroll4 n=3072 nc=2304 reps=31 median_us=464.935000 gops=30.446785 checksum=-7944.5320846 samples_us=460.638000,461.759000,462.343000,462.436000,462.534000,462.596000,462.607000,462.680000,462.909000,463.144000,463.990000,464.030000,464.158000,464.260000,464.656000,464.935000,464.945000,464.974000,465.019000,465.058000,465.076000,465.435000,465.450000,465.926000,466.385000,467.018000,467.171000,467.612000,467.967000,468.972000,469.999000,
shape=3072,2304 round=6 variant=baseline n=3072 nc=2304 reps=31 median_us=413.181000 gops=34.260472 checksum=-7944.5326308 samples_us=409.424000,409.857000,410.808000,410.857000,411.018000,411.060000,411.060000,411.176000,411.183000,411.448000,411.548000,411.652000,412.448000,412.803000,413.113000,413.181000,413.232000,413.337000,413.340000,413.604000,413.633000,413.637000,413.861000,414.993000,415.484000,415.578000,415.614000,416.276000,416.585000,417.082000,427.790000,
shape=3072,2304 round=6 variant=q6-fused-unroll4 n=3072 nc=2304 reps=31 median_us=463.215000 gops=30.559839 checksum=-7944.5320846 samples_us=458.481000,458.635000,458.951000,459.812000,459.970000,460.103000,460.577000,460.856000,461.028000,461.630000,461.930000,461.973000,462.359000,462.482000,462.725000,463.215000,463.274000,463.637000,463.702000,463.929000,463.996000,464.058000,464.169000,464.274000,464.748000,464.771000,465.068000,465.198000,465.388000,466.957000,470.404000,
shape=3072,2304 round=7 variant=baseline n=3072 nc=2304 reps=31 median_us=411.745000 gops=34.379958 checksum=-7944.5326308 samples_us=409.097000,409.112000,409.144000,409.651000,409.751000,409.953000,409.992000,410.220000,410.282000,410.359000,410.436000,411.029000,411.327000,411.479000,411.646000,411.745000,412.138000,412.478000,412.535000,412.585000,412.913000,413.161000,413.327000,414.348000,414.578000,414.705000,414.728000,414.971000,415.064000,416.095000,424.670000,
shape=3072,2304 round=7 variant=q6-fused-unroll4 n=3072 nc=2304 reps=31 median_us=450.591000 gops=31.416020 checksum=-7944.5320846 samples_us=447.439000,447.546000,447.635000,447.812000,448.643000,448.647000,448.904000,449.151000,449.241000,449.413000,449.442000,449.818000,449.930000,450.464000,450.513000,450.591000,450.860000,450.860000,451.343000,451.361000,451.749000,451.906000,452.356000,452.375000,452.442000,452.606000,453.070000,453.257000,453.460000,454.849000,456.639000,
shape=3072,2304 round=8 variant=baseline n=3072 nc=2304 reps=31 median_us=412.467000 gops=34.319778 checksum=-7944.5326308 samples_us=410.244000,410.260000,410.302000,410.373000,410.400000,410.533000,410.606000,411.044000,411.213000,411.481000,412.110000,412.176000,412.200000,412.203000,412.449000,412.467000,412.838000,412.855000,412.869000,413.148000,413.169000,413.216000,413.256000,413.683000,414.815000,415.275000,415.505000,415.540000,415.622000,417.010000,420.241000,
shape=3072,2304 round=8 variant=q6-fused-unroll4 n=3072 nc=2304 reps=31 median_us=452.649000 gops=31.273185 checksum=-7944.5320846 samples_us=449.138000,449.377000,449.454000,449.692000,449.817000,449.992000,450.421000,450.780000,450.910000,451.125000,451.324000,452.175000,452.242000,452.400000,452.475000,452.649000,453.079000,453.261000,453.431000,453.454000,453.491000,453.819000,454.103000,454.458000,454.492000,454.684000,455.048000,455.348000,455.738000,456.032000,468.530000,
shape=3072,2304 round=9 variant=baseline n=3072 nc=2304 reps=31 median_us=412.053000 gops=34.354260 checksum=-7944.5326308 samples_us=408.996000,409.165000,409.482000,409.494000,409.788000,409.823000,410.063000,410.067000,410.142000,410.446000,411.159000,411.405000,411.537000,411.564000,411.880000,412.053000,412.208000,412.572000,412.733000,412.750000,413.474000,413.841000,414.000000,414.820000,415.249000,415.560000,415.731000,416.279000,416.789000,417.244000,429.042000,
shape=3072,2304 round=9 variant=q6-fused-unroll4 n=3072 nc=2304 reps=31 median_us=463.942000 gops=30.511952 checksum=-7944.5320846 samples_us=459.666000,460.200000,460.255000,460.513000,461.177000,461.376000,461.409000,461.638000,461.790000,461.850000,462.003000,462.411000,462.446000,462.625000,463.213000,463.942000,464.189000,464.190000,464.220000,464.708000,464.716000,465.085000,465.447000,465.460000,465.465000,465.655000,466.706000,467.220000,467.277000,469.599000,477.546000,
shape=3072,2304 round=10 variant=baseline n=3072 nc=2304 reps=31 median_us=411.839000 gops=34.372111 checksum=-7944.5326308 samples_us=408.857000,408.930000,409.313000,409.467000,409.724000,409.819000,409.839000,410.526000,410.567000,410.608000,410.772000,411.245000,411.424000,411.509000,411.830000,411.839000,411.855000,412.125000,412.686000,412.964000,413.231000,413.416000,413.458000,413.498000,414.172000,414.184000,414.839000,415.182000,415.429000,418.422000,463.447000,
shape=3072,2304 round=10 variant=q6-fused-unroll4 n=3072 nc=2304 reps=31 median_us=461.650000 gops=30.663438 checksum=-7944.5320846 samples_us=458.233000,458.247000,458.248000,458.260000,458.509000,459.158000,459.267000,459.699000,459.992000,460.014000,460.425000,460.450000,460.878000,461.381000,461.520000,461.650000,461.730000,461.791000,461.825000,462.069000,462.252000,463.053000,463.278000,463.486000,463.559000,463.990000,464.137000,464.807000,465.022000,466.290000,479.966000,
shape=3072,2304 round=11 variant=baseline n=3072 nc=2304 reps=31 median_us=411.664000 gops=34.386723 checksum=-7944.5326308 samples_us=407.922000,408.136000,408.257000,408.287000,408.485000,408.673000,408.798000,408.869000,408.963000,409.968000,410.340000,410.831000,411.036000,411.304000,411.392000,411.664000,411.724000,412.696000,412.778000,412.876000,413.007000,413.072000,413.259000,414.186000,414.281000,414.293000,414.406000,414.688000,416.264000,418.252000,476.282000,
shape=3072,2304 round=11 variant=q6-fused-unroll4 n=3072 nc=2304 reps=31 median_us=463.727000 gops=30.526098 checksum=-7944.5320846 samples_us=459.831000,460.512000,461.028000,461.222000,461.337000,461.383000,461.842000,462.444000,462.543000,463.505000,463.566000,463.583000,463.609000,463.631000,463.669000,463.727000,463.818000,463.872000,463.958000,463.974000,463.982000,464.147000,465.106000,466.210000,466.365000,466.612000,467.336000,467.446000,467.854000,468.690000,468.971000,
shape=9216,768 round=1 variant=baseline n=9216 nc=768 reps=31 median_us=412.736000 gops=34.297410 checksum=-7431.93078804 samples_us=409.314000,409.563000,409.580000,409.783000,409.796000,409.914000,410.020000,410.316000,410.528000,411.679000,411.782000,412.053000,412.114000,412.232000,412.298000,412.736000,412.762000,413.104000,413.215000,413.339000,413.341000,413.553000,413.585000,413.793000,414.414000,414.500000,414.692000,414.804000,415.157000,415.866000,420.897000,
shape=9216,768 round=1 variant=q6-fused-unroll4 n=9216 nc=768 reps=31 median_us=448.860000 gops=31.537174 checksum=-7431.93039769 samples_us=446.198000,446.264000,446.308000,446.474000,446.658000,446.759000,446.809000,446.858000,447.143000,447.186000,448.159000,448.195000,448.374000,448.770000,448.821000,448.860000,448.941000,449.050000,449.162000,449.296000,449.825000,449.872000,449.917000,450.077000,450.602000,450.906000,450.925000,450.966000,451.075000,451.427000,451.702000,
shape=9216,768 round=2 variant=baseline n=9216 nc=768 reps=31 median_us=411.964000 gops=34.361682 checksum=-7431.93078804 samples_us=409.381000,409.425000,409.450000,409.654000,409.741000,409.797000,409.920000,410.081000,410.170000,410.537000,411.121000,411.658000,411.682000,411.877000,411.960000,411.964000,412.057000,412.080000,412.266000,412.319000,412.546000,412.560000,413.530000,413.547000,413.960000,414.189000,414.534000,414.741000,414.761000,415.883000,416.025000,
shape=9216,768 round=2 variant=q6-fused-unroll4 n=9216 nc=768 reps=31 median_us=461.430000 gops=30.678057 checksum=-7431.93039769 samples_us=458.914000,459.019000,459.131000,459.144000,459.160000,459.221000,459.298000,459.426000,459.520000,459.641000,459.763000,460.282000,460.731000,461.300000,461.383000,461.430000,461.698000,462.054000,462.154000,462.248000,462.403000,462.431000,462.442000,463.689000,463.702000,464.041000,464.186000,464.192000,464.231000,464.321000,466.143000,
shape=9216,768 round=3 variant=baseline n=9216 nc=768 reps=31 median_us=411.841000 gops=34.371945 checksum=-7431.93078804 samples_us=409.107000,409.240000,409.344000,409.597000,409.773000,410.047000,410.064000,410.329000,410.376000,410.497000,410.793000,411.299000,411.361000,411.678000,411.760000,411.841000,411.932000,412.011000,412.102000,412.362000,412.628000,412.775000,413.145000,413.584000,413.704000,413.813000,413.958000,414.524000,415.100000,415.251000,415.302000,
shape=9216,768 round=3 variant=q6-fused-unroll4 n=9216 nc=768 reps=31 median_us=450.868000 gops=31.396719 checksum=-7431.93039769 samples_us=448.471000,448.544000,448.607000,448.664000,448.713000,448.784000,448.874000,448.958000,448.973000,449.188000,450.243000,450.287000,450.575000,450.661000,450.685000,450.868000,450.917000,451.555000,451.577000,451.686000,451.902000,451.947000,452.191000,452.405000,452.813000,453.667000,453.668000,453.743000,454.019000,454.462000,454.683000,
shape=9216,768 round=4 variant=baseline n=9216 nc=768 reps=31 median_us=412.133000 gops=34.347592 checksum=-7431.93078804 samples_us=409.050000,409.281000,409.284000,409.935000,409.950000,409.979000,410.079000,410.138000,410.213000,410.219000,410.377000,410.807000,411.258000,411.454000,411.686000,412.133000,412.160000,412.169000,412.224000,412.252000,412.293000,412.850000,413.108000,413.873000,413.879000,414.070000,414.243000,414.386000,414.440000,415.746000,417.457000,
shape=9216,768 round=4 variant=q6-fused-unroll4 n=9216 nc=768 reps=31 median_us=450.456000 gops=31.425436 checksum=-7431.93039769 samples_us=447.643000,447.688000,447.829000,447.910000,447.951000,447.987000,448.013000,448.092000,448.779000,449.680000,449.778000,450.089000,450.147000,450.214000,450.345000,450.456000,450.741000,450.810000,450.859000,451.124000,451.531000,451.834000,451.939000,452.099000,452.482000,452.649000,452.697000,452.976000,453.438000,454.157000,456.096000,
shape=9216,768 round=5 variant=baseline n=9216 nc=768 reps=31 median_us=411.954000 gops=34.362516 checksum=-7431.93078804 samples_us=409.002000,409.703000,409.833000,409.994000,410.131000,410.314000,410.359000,410.502000,410.701000,411.034000,411.462000,411.559000,411.793000,411.819000,411.925000,411.954000,412.008000,412.089000,412.335000,412.357000,412.453000,412.583000,412.647000,413.267000,413.763000,414.105000,414.671000,414.800000,415.164000,415.186000,415.471000,
shape=9216,768 round=5 variant=q6-fused-unroll4 n=9216 nc=768 reps=31 median_us=474.474000 gops=29.834672 checksum=-7431.93039769 samples_us=470.231000,470.539000,472.862000,472.879000,472.918000,473.028000,473.058000,473.126000,473.303000,473.350000,473.563000,473.727000,473.841000,474.177000,474.209000,474.474000,474.641000,474.709000,474.807000,474.825000,475.923000,476.376000,476.486000,476.630000,477.279000,477.491000,477.499000,478.383000,478.973000,479.271000,480.797000,
shape=9216,768 round=6 variant=baseline n=9216 nc=768 reps=31 median_us=411.968000 gops=34.361348 checksum=-7431.93078804 samples_us=408.878000,409.020000,409.093000,409.257000,409.363000,409.520000,409.579000,409.679000,409.712000,409.744000,410.734000,411.141000,411.162000,411.429000,411.864000,411.968000,412.259000,412.295000,412.296000,412.413000,412.433000,412.796000,412.828000,413.349000,413.458000,414.021000,414.821000,414.876000,415.179000,415.311000,415.435000,
shape=9216,768 round=6 variant=q6-fused-unroll4 n=9216 nc=768 reps=31 median_us=451.019000 gops=31.386208 checksum=-7431.93039769 samples_us=448.264000,448.359000,448.426000,448.438000,448.558000,448.665000,448.676000,448.724000,448.864000,449.954000,450.543000,450.551000,450.618000,450.646000,450.782000,451.019000,451.091000,451.239000,451.314000,451.323000,451.502000,451.518000,451.630000,452.524000,453.156000,453.353000,453.380000,453.483000,453.643000,454.818000,455.949000,
shape=9216,768 round=7 variant=baseline n=9216 nc=768 reps=31 median_us=412.036000 gops=34.355678 checksum=-7431.93078804 samples_us=409.399000,409.576000,409.679000,409.900000,410.023000,410.124000,410.183000,410.444000,410.600000,410.627000,411.121000,411.536000,411.555000,411.582000,411.658000,412.036000,412.145000,412.391000,412.434000,412.666000,412.678000,412.910000,412.920000,412.990000,413.273000,413.495000,414.517000,415.026000,415.185000,415.302000,417.838000,
shape=9216,768 round=7 variant=q6-fused-unroll4 n=9216 nc=768 reps=31 median_us=450.317000 gops=31.435136 checksum=-7431.93039769 samples_us=447.783000,447.954000,448.034000,448.206000,448.224000,448.276000,448.341000,448.434000,448.438000,449.781000,449.784000,449.877000,450.065000,450.156000,450.235000,450.317000,450.435000,450.474000,450.874000,450.875000,450.981000,451.000000,451.032000,451.092000,451.465000,452.345000,452.796000,453.189000,453.262000,453.364000,456.079000,
shape=9216,768 round=8 variant=baseline n=9216 nc=768 reps=31 median_us=412.477000 gops=34.318946 checksum=-7431.93078804 samples_us=408.932000,409.037000,409.255000,409.270000,409.678000,409.763000,409.803000,410.145000,410.279000,410.593000,410.832000,411.383000,411.423000,412.035000,412.048000,412.477000,412.487000,412.518000,412.565000,412.595000,412.867000,413.157000,413.786000,413.996000,414.326000,414.504000,414.538000,415.000000,415.035000,415.159000,415.164000,
shape=9216,768 round=8 variant=q6-fused-unroll4 n=9216 nc=768 reps=31 median_us=450.383000 gops=31.430529 checksum=-7431.93039769 samples_us=447.484000,447.491000,447.560000,447.593000,447.824000,447.856000,448.034000,448.325000,448.496000,449.284000,449.348000,449.485000,449.809000,450.373000,450.374000,450.383000,450.545000,450.985000,451.024000,451.031000,451.627000,451.790000,451.847000,452.417000,452.429000,452.818000,452.830000,452.930000,452.977000,453.380000,454.825000,
shape=9216,768 round=9 variant=baseline n=9216 nc=768 reps=31 median_us=412.769000 gops=34.294668 checksum=-7431.93078804 samples_us=409.792000,409.999000,410.144000,410.191000,410.253000,410.267000,410.299000,410.300000,410.310000,410.355000,412.091000,412.300000,412.464000,412.743000,412.749000,412.769000,412.799000,412.806000,413.042000,413.178000,413.217000,413.222000,413.461000,413.750000,413.968000,414.446000,415.571000,415.681000,416.101000,416.589000,431.755000,
shape=9216,768 round=9 variant=q6-fused-unroll4 n=9216 nc=768 reps=31 median_us=461.548000 gops=30.670214 checksum=-7431.93039769 samples_us=458.356000,458.370000,458.609000,458.855000,458.986000,459.190000,459.285000,459.294000,459.693000,460.273000,460.792000,461.043000,461.243000,461.267000,461.442000,461.548000,461.754000,461.811000,461.914000,461.988000,462.046000,462.063000,462.113000,462.486000,463.459000,463.582000,463.630000,463.742000,464.086000,465.935000,466.620000,
shape=9216,768 round=10 variant=baseline n=9216 nc=768 reps=31 median_us=412.319000 gops=34.332097 checksum=-7431.93078804 samples_us=409.011000,409.253000,409.588000,409.671000,409.774000,409.968000,410.055000,410.075000,410.157000,410.239000,410.348000,410.891000,411.089000,411.621000,411.659000,412.319000,412.391000,412.415000,412.436000,412.525000,412.604000,412.691000,412.899000,413.078000,413.086000,414.059000,414.315000,414.483000,414.621000,414.678000,415.066000,
shape=9216,768 round=10 variant=q6-fused-unroll4 n=9216 nc=768 reps=31 median_us=461.396000 gops=30.680318 checksum=-7431.93039769 samples_us=458.209000,458.650000,458.651000,458.773000,458.867000,459.085000,460.009000,460.406000,460.453000,460.511000,460.631000,461.013000,461.055000,461.135000,461.315000,461.396000,461.443000,461.560000,461.802000,461.879000,461.906000,461.928000,462.015000,462.395000,462.694000,463.208000,463.597000,463.911000,463.971000,464.987000,465.030000,
shape=9216,768 round=11 variant=baseline n=9216 nc=768 reps=31 median_us=411.867000 gops=34.369775 checksum=-7431.93078804 samples_us=409.134000,409.166000,409.445000,409.518000,409.877000,409.878000,409.929000,410.171000,410.743000,410.810000,411.317000,411.532000,411.736000,411.744000,411.831000,411.867000,412.075000,412.262000,412.262000,412.299000,412.491000,412.522000,412.576000,412.614000,412.710000,413.226000,413.940000,414.044000,414.702000,414.767000,415.615000,
shape=9216,768 round=11 variant=q6-fused-unroll4 n=9216 nc=768 reps=31 median_us=464.329000 gops=30.486521 checksum=-7431.93039769 samples_us=459.053000,459.925000,460.837000,461.508000,462.174000,462.309000,462.338000,462.386000,462.432000,462.767000,462.774000,462.929000,463.420000,464.140000,464.236000,464.329000,464.468000,464.479000,464.517000,464.652000,464.727000,464.988000,465.221000,465.248000,465.264000,465.471000,465.735000,466.376000,467.107000,467.679000,470.062000,
