Linux arm-decode-e24-kernel-20260807 6.17.0-1022-gcp #25-Ubuntu SMP Sat Jul 25 00:47:17 UTC 2026 aarch64 aarch64 aarch64 GNU/Linux
CPU(s):                                  8
Model name:                              Neoverse-V2
Thread(s) per core:                      1
Core(s) per socket:                      8
Socket(s):                               1
Flags:                                   fp asimd evtstrm aes pmull sha1 sha2 crc32 atomics fphp asimdhp cpuid asimdrdm jscvt fcma lrcpc dcpop sha3 sm3 sm4 asimddp sha512 sve asimdfhm dit uscat ilrcpc flagm sb paca pacg dcpodp sve2 sveaes svepmull svebitperm svesha3 svesm4 flagm2 frint svei8mm svebf16 i8mm bf16 dgh rng bti
NUMA node0 CPU(s):                       0-7
d6bd6b71c2a8e8786a1573d0dcf8bcf06c139e1223a2d2899ecdddca0ea8bc68  /var/tmp/e24-kernel/variants/baseline/libggml-cpu.so.0.18.0
36427133f1f580a1ff091fdfc21290d50e7a2957a13c8d3b221e7812cbd640a1  /var/tmp/e24-kernel/variants/i8mm-fixed/libggml-cpu.so.0.18.0
shape=3072,2304 round=1 variant=baseline n=3072 nc=2304 reps=31 median_us=190.866000 gops=74.166043 checksum=-37266.8265023 samples_us=187.937000,187.944000,187.956000,188.006000,188.245000,189.614000,189.741000,190.171000,190.201000,190.232000,190.332000,190.333000,190.347000,190.450000,190.813000,190.866000,190.868000,190.910000,191.005000,191.365000,191.423000,192.132000,192.232000,192.324000,192.372000,192.790000,193.382000,193.951000,195.074000,196.459000,196.579000,
shape=3072,2304 round=1 variant=i8mm-fixed n=3072 nc=2304 reps=31 median_us=196.903000 gops=71.892130 checksum=-37266.8265023 samples_us=196.376000,196.377000,196.467000,196.470000,196.523000,196.523000,196.582000,196.582000,196.662000,196.742000,196.832000,196.838000,196.854000,196.885000,196.901000,196.903000,196.931000,197.147000,197.308000,198.452000,198.622000,198.922000,198.952000,199.173000,199.568000,199.697000,199.718000,199.720000,199.969000,201.490000,210.184000,
shape=3072,2304 round=2 variant=baseline n=3072 nc=2304 reps=31 median_us=190.869000 gops=74.164877 checksum=-37266.8265023 samples_us=187.833000,187.888000,187.928000,187.971000,188.360000,188.653000,189.095000,190.163000,190.191000,190.349000,190.399000,190.400000,190.441000,190.457000,190.548000,190.869000,190.916000,190.944000,191.114000,191.119000,191.140000,192.447000,192.482000,192.504000,192.533000,193.233000,194.509000,195.445000,196.086000,197.214000,202.306000,
shape=3072,2304 round=2 variant=i8mm-fixed n=3072 nc=2304 reps=31 median_us=197.420000 gops=71.703860 checksum=-37266.8265023 samples_us=196.597000,196.687000,196.703000,196.718000,196.738000,196.759000,196.781000,196.835000,196.904000,197.117000,197.124000,197.147000,197.154000,197.304000,197.305000,197.420000,197.470000,197.608000,197.885000,198.732000,198.809000,198.939000,199.291000,199.607000,199.714000,199.733000,200.029000,200.191000,200.633000,201.471000,204.516000,
shape=3072,2304 round=3 variant=baseline n=3072 nc=2304 reps=31 median_us=190.428000 gops=74.336631 checksum=-37266.8265023 samples_us=188.266000,188.279000,188.458000,190.054000,190.129000,190.152000,190.164000,190.200000,190.265000,190.300000,190.310000,190.321000,190.323000,190.346000,190.408000,190.428000,190.440000,190.453000,190.466000,190.567000,191.218000,191.886000,192.252000,192.464000,192.598000,192.781000,193.507000,195.048000,195.600000,197.634000,230.915000,
shape=3072,2304 round=3 variant=i8mm-fixed n=3072 nc=2304 reps=31 median_us=197.115000 gops=71.814809 checksum=-37266.8265023 samples_us=196.525000,196.638000,196.663000,196.696000,196.736000,196.737000,196.752000,196.795000,196.831000,196.850000,196.892000,196.895000,196.956000,196.986000,197.066000,197.115000,197.169000,197.488000,197.674000,198.719000,198.753000,198.832000,199.275000,199.297000,199.483000,199.865000,200.203000,200.235000,201.536000,203.811000,231.641000,
shape=3072,2304 round=4 variant=baseline n=3072 nc=2304 reps=31 median_us=190.582000 gops=74.276563 checksum=-37266.8265023 samples_us=188.049000,188.092000,188.131000,188.305000,188.316000,188.329000,188.351000,188.369000,188.541000,188.678000,188.766000,188.767000,188.931000,189.102000,190.449000,190.582000,190.614000,190.645000,190.714000,190.719000,190.856000,190.865000,191.273000,191.836000,191.882000,192.101000,193.710000,193.958000,194.440000,197.121000,231.621000,
shape=3072,2304 round=4 variant=i8mm-fixed n=3072 nc=2304 reps=31 median_us=197.440000 gops=71.696596 checksum=-37266.8265023 samples_us=196.600000,196.603000,196.715000,196.836000,196.852000,196.897000,196.925000,196.962000,197.006000,197.008000,197.067000,197.109000,197.231000,197.289000,197.376000,197.440000,197.533000,197.897000,199.012000,199.058000,199.084000,199.315000,199.595000,199.629000,200.335000,200.552000,200.749000,202.144000,203.147000,205.601000,229.986000,
shape=3072,2304 round=5 variant=baseline n=3072 nc=2304 reps=31 median_us=190.515000 gops=74.302685 checksum=-37266.8265023 samples_us=187.956000,187.962000,188.017000,188.059000,188.064000,188.138000,188.217000,188.233000,188.550000,189.917000,190.185000,190.279000,190.345000,190.406000,190.408000,190.515000,190.543000,190.627000,190.651000,190.671000,190.841000,191.281000,191.299000,191.701000,191.877000,192.587000,192.643000,192.978000,193.333000,193.440000,194.481000,
shape=3072,2304 round=5 variant=i8mm-fixed n=3072 nc=2304 reps=31 median_us=197.671000 gops=71.612811 checksum=-37266.8265023 samples_us=196.429000,196.469000,196.473000,196.502000,196.544000,196.726000,196.768000,196.831000,196.912000,197.011000,197.204000,197.260000,197.298000,197.375000,197.564000,197.671000,197.923000,198.638000,198.703000,198.838000,199.438000,199.452000,199.817000,200.402000,200.503000,200.536000,201.099000,201.235000,201.420000,204.427000,232.060000,
shape=3072,2304 round=6 variant=baseline n=3072 nc=2304 reps=31 median_us=190.207000 gops=74.423002 checksum=-37266.8265023 samples_us=187.786000,187.798000,187.824000,187.849000,187.865000,187.886000,187.892000,187.954000,187.984000,189.820000,190.078000,190.143000,190.144000,190.169000,190.182000,190.207000,190.214000,190.215000,190.263000,190.354000,190.443000,190.692000,192.183000,192.340000,192.522000,192.534000,192.544000,192.790000,193.010000,193.452000,193.492000,
shape=3072,2304 round=6 variant=i8mm-fixed n=3072 nc=2304 reps=31 median_us=196.923000 gops=71.884828 checksum=-37266.8265023 samples_us=196.514000,196.564000,196.616000,196.666000,196.784000,196.787000,196.793000,196.846000,196.848000,196.848000,196.851000,196.870000,196.871000,196.900000,196.904000,196.923000,197.021000,197.074000,197.600000,198.838000,198.839000,198.965000,199.359000,199.622000,199.683000,199.694000,199.859000,201.124000,201.891000,204.132000,234.448000,
shape=3072,2304 round=7 variant=baseline n=3072 nc=2304 reps=31 median_us=190.675000 gops=74.240336 checksum=-37266.8265023 samples_us=187.766000,187.796000,187.891000,187.945000,188.248000,188.607000,188.746000,190.186000,190.230000,190.306000,190.309000,190.380000,190.393000,190.421000,190.475000,190.675000,190.709000,190.770000,190.958000,190.959000,191.171000,191.175000,191.246000,191.406000,191.561000,191.856000,192.119000,193.616000,193.998000,199.065000,227.315000,
shape=3072,2304 round=7 variant=i8mm-fixed n=3072 nc=2304 reps=31 median_us=196.759000 gops=71.944745 checksum=-37266.8265023 samples_us=196.373000,196.389000,196.411000,196.412000,196.467000,196.503000,196.509000,196.533000,196.536000,196.574000,196.597000,196.630000,196.705000,196.716000,196.742000,196.759000,196.790000,197.580000,198.449000,198.606000,198.713000,198.878000,199.021000,199.283000,199.595000,199.686000,200.342000,200.367000,200.737000,202.396000,228.251000,
shape=3072,2304 round=8 variant=baseline n=3072 nc=2304 reps=31 median_us=190.324000 gops=74.377251 checksum=-37266.8265023 samples_us=187.857000,187.944000,188.024000,188.042000,188.100000,188.105000,188.145000,188.232000,188.402000,189.908000,190.109000,190.159000,190.247000,190.250000,190.299000,190.324000,190.474000,190.693000,190.713000,190.762000,190.836000,190.913000,191.079000,192.009000,192.237000,192.715000,192.730000,193.186000,193.227000,193.518000,195.864000,
shape=3072,2304 round=8 variant=i8mm-fixed n=3072 nc=2304 reps=31 median_us=196.984000 gops=71.862568 checksum=-37266.8265023 samples_us=196.375000,196.438000,196.474000,196.483000,196.503000,196.617000,196.621000,196.633000,196.685000,196.801000,196.836000,196.850000,196.893000,196.945000,196.952000,196.984000,196.996000,197.196000,198.378000,198.687000,198.801000,199.162000,199.234000,200.071000,200.954000,201.110000,202.317000,202.661000,209.812000,210.137000,222.479000,
shape=3072,2304 round=9 variant=baseline n=3072 nc=2304 reps=31 median_us=192.562000 gops=73.512822 checksum=-37266.8265023 samples_us=188.416000,189.235000,189.702000,190.347000,190.387000,190.507000,190.556000,190.649000,190.712000,191.047000,191.325000,191.415000,191.997000,192.309000,192.315000,192.562000,192.752000,193.112000,193.331000,193.631000,193.654000,194.382000,194.605000,194.623000,194.956000,195.088000,195.782000,196.477000,196.587000,206.131000,212.945000,
shape=3072,2304 round=9 variant=i8mm-fixed n=3072 nc=2304 reps=31 median_us=197.489000 gops=71.678807 checksum=-37266.8265023 samples_us=196.581000,196.593000,196.671000,196.695000,196.737000,196.778000,196.780000,196.798000,196.837000,196.922000,197.063000,197.079000,197.100000,197.408000,197.412000,197.489000,197.507000,197.520000,197.653000,198.718000,199.074000,199.100000,199.300000,199.304000,199.345000,200.144000,200.719000,201.033000,202.325000,204.708000,240.506000,
shape=3072,2304 round=10 variant=baseline n=3072 nc=2304 reps=31 median_us=190.763000 gops=74.206088 checksum=-37266.8265023 samples_us=187.968000,188.006000,188.272000,188.277000,188.474000,188.626000,188.649000,188.807000,188.862000,188.977000,189.702000,190.245000,190.292000,190.745000,190.750000,190.763000,190.805000,191.069000,191.521000,192.064000,192.265000,192.477000,192.862000,193.524000,193.640000,193.709000,193.793000,194.177000,194.270000,196.787000,232.182000,
shape=3072,2304 round=10 variant=i8mm-fixed n=3072 nc=2304 reps=31 median_us=198.309000 gops=71.382418 checksum=-37266.8265023 samples_us=196.844000,197.017000,197.268000,197.368000,197.410000,197.636000,197.649000,197.734000,197.769000,197.831000,197.836000,197.916000,197.956000,198.080000,198.103000,198.309000,198.323000,198.867000,198.928000,199.232000,199.729000,200.202000,200.249000,200.365000,200.546000,200.809000,201.844000,202.313000,202.528000,202.594000,210.306000,
shape=3072,2304 round=11 variant=baseline n=3072 nc=2304 reps=31 median_us=190.457000 gops=74.325312 checksum=-37266.8265023 samples_us=187.978000,187.989000,188.004000,188.027000,188.043000,188.046000,188.062000,188.112000,188.130000,188.162000,188.167000,188.666000,190.289000,190.299000,190.434000,190.457000,190.610000,190.734000,190.855000,190.867000,190.878000,190.904000,191.008000,191.318000,191.457000,191.682000,192.603000,193.175000,194.215000,196.051000,201.031000,
shape=3072,2304 round=11 variant=i8mm-fixed n=3072 nc=2304 reps=31 median_us=196.916000 gops=71.887383 checksum=-37266.8265023 samples_us=196.357000,196.417000,196.426000,196.450000,196.490000,196.547000,196.569000,196.573000,196.618000,196.773000,196.775000,196.797000,196.803000,196.821000,196.822000,196.916000,196.993000,197.019000,197.563000,198.764000,199.063000,199.112000,199.234000,199.500000,200.235000,200.284000,201.216000,201.676000,201.699000,202.403000,208.800000,
shape=9216,768 round=1 variant=baseline n=9216 nc=768 reps=31 median_us=190.999000 gops=74.114399 checksum=-42964.7998648 samples_us=188.477000,188.530000,188.538000,188.546000,188.662000,188.664000,188.677000,188.699000,188.723000,188.977000,188.997000,189.063000,189.353000,190.497000,190.912000,190.999000,191.117000,191.134000,191.223000,191.274000,191.342000,191.783000,192.647000,192.750000,192.787000,192.974000,193.933000,194.077000,194.125000,196.841000,204.934000,
shape=9216,768 round=1 variant=i8mm-fixed n=9216 nc=768 reps=31 median_us=199.903000 gops=70.813224 checksum=-42964.7998648 samples_us=196.870000,196.904000,196.908000,196.909000,196.934000,197.220000,197.365000,197.368000,197.454000,197.492000,198.483000,198.786000,199.020000,199.232000,199.451000,199.903000,199.967000,200.583000,200.658000,200.759000,200.841000,201.082000,201.133000,201.336000,201.934000,202.798000,202.906000,203.703000,204.714000,204.802000,205.248000,
shape=9216,768 round=2 variant=baseline n=9216 nc=768 reps=31 median_us=190.215000 gops=74.419872 checksum=-42964.7998648 samples_us=187.966000,188.021000,188.107000,188.185000,188.186000,188.326000,188.426000,188.430000,188.467000,188.548000,188.552000,188.598000,188.640000,188.931000,190.061000,190.215000,190.247000,190.534000,190.670000,190.728000,190.745000,190.872000,190.945000,190.992000,191.444000,192.433000,192.970000,193.143000,193.693000,194.390000,194.898000,
shape=9216,768 round=2 variant=i8mm-fixed n=9216 nc=768 reps=31 median_us=197.314000 gops=71.742380 checksum=-42964.7998648 samples_us=196.684000,196.733000,196.769000,196.802000,196.825000,196.828000,196.943000,196.996000,197.000000,197.076000,197.178000,197.214000,197.225000,197.243000,197.297000,197.314000,197.510000,197.752000,198.220000,199.164000,199.204000,199.325000,199.349000,199.354000,200.070000,200.084000,200.729000,201.354000,202.239000,203.718000,231.285000,
shape=9216,768 round=3 variant=baseline n=9216 nc=768 reps=31 median_us=191.729000 gops=73.832211 checksum=-42964.7998648 samples_us=189.287000,189.489000,189.664000,189.940000,190.995000,191.010000,191.106000,191.208000,191.216000,191.229000,191.238000,191.245000,191.434000,191.448000,191.619000,191.729000,191.933000,191.934000,192.264000,192.321000,192.468000,192.961000,193.326000,193.602000,194.080000,194.401000,194.530000,195.384000,197.823000,199.295000,227.856000,
shape=9216,768 round=3 variant=i8mm-fixed n=9216 nc=768 reps=31 median_us=197.362000 gops=71.724932 checksum=-42964.7998648 samples_us=196.737000,196.783000,196.822000,196.846000,196.856000,196.859000,196.918000,196.966000,197.041000,197.095000,197.114000,197.123000,197.154000,197.249000,197.291000,197.362000,197.414000,197.851000,198.800000,199.003000,199.405000,199.406000,199.576000,199.804000,199.891000,199.921000,200.120000,200.724000,200.875000,202.163000,233.470000,
shape=9216,768 round=4 variant=baseline n=9216 nc=768 reps=31 median_us=191.350000 gops=73.978448 checksum=-42964.7998648 samples_us=188.465000,188.481000,188.531000,188.533000,188.584000,188.723000,188.985000,189.405000,190.804000,190.931000,190.999000,191.003000,191.098000,191.148000,191.298000,191.350000,192.043000,192.242000,192.247000,192.647000,192.682000,192.873000,193.246000,193.350000,193.698000,193.874000,193.877000,194.031000,194.594000,194.638000,196.104000,
shape=9216,768 round=4 variant=i8mm-fixed n=9216 nc=768 reps=31 median_us=197.731000 gops=71.591081 checksum=-42964.7998648 samples_us=196.624000,196.713000,196.815000,196.899000,196.979000,196.993000,197.147000,197.189000,197.209000,197.292000,197.308000,197.312000,197.439000,197.584000,197.722000,197.731000,197.849000,197.876000,197.916000,199.115000,199.155000,199.256000,199.683000,199.864000,200.012000,200.768000,200.783000,200.943000,202.759000,202.830000,237.216000,
shape=9216,768 round=5 variant=baseline n=9216 nc=768 reps=31 median_us=191.045000 gops=74.096553 checksum=-42964.7998648 samples_us=188.339000,188.420000,188.420000,188.430000,188.538000,188.622000,188.694000,189.009000,189.458000,190.735000,190.854000,190.863000,190.884000,190.902000,190.945000,191.045000,191.120000,191.938000,191.973000,192.264000,192.517000,192.912000,193.199000,193.527000,194.041000,194.687000,194.703000,195.440000,195.927000,197.220000,230.862000,
shape=9216,768 round=5 variant=i8mm-fixed n=9216 nc=768 reps=31 median_us=197.779000 gops=71.573706 checksum=-42964.7998648 samples_us=196.787000,196.796000,196.894000,196.911000,196.918000,196.988000,197.045000,197.112000,197.211000,197.213000,197.234000,197.325000,197.348000,197.603000,197.630000,197.779000,197.814000,197.818000,198.968000,199.306000,199.461000,199.639000,199.706000,199.975000,200.188000,200.587000,201.235000,201.419000,201.636000,202.205000,205.252000,
shape=9216,768 round=6 variant=baseline n=9216 nc=768 reps=31 median_us=191.768000 gops=73.817196 checksum=-42964.7998648 samples_us=188.627000,188.702000,188.889000,189.295000,190.869000,190.874000,191.023000,191.031000,191.076000,191.078000,191.231000,191.408000,191.475000,191.527000,191.668000,191.768000,191.833000,192.212000,192.568000,192.700000,193.088000,193.341000,193.524000,193.597000,194.079000,194.341000,194.689000,195.029000,195.396000,196.074000,204.104000,
shape=9216,768 round=6 variant=i8mm-fixed n=9216 nc=768 reps=31 median_us=197.164000 gops=71.796961 checksum=-42964.7998648 samples_us=196.697000,196.780000,196.814000,196.820000,196.823000,196.832000,196.856000,196.888000,196.889000,196.902000,196.971000,196.977000,197.017000,197.081000,197.124000,197.164000,197.665000,197.841000,198.939000,198.994000,199.047000,199.304000,199.768000,200.051000,200.158000,200.964000,201.051000,201.678000,201.921000,203.203000,222.893000,
shape=9216,768 round=7 variant=baseline n=9216 nc=768 reps=31 median_us=191.694000 gops=73.845692 checksum=-42964.7998648 samples_us=188.179000,188.272000,188.390000,188.493000,188.593000,188.635000,190.416000,190.997000,191.318000,191.359000,191.542000,191.563000,191.636000,191.653000,191.656000,191.694000,191.794000,192.725000,192.824000,192.977000,193.039000,193.529000,193.606000,193.721000,194.441000,194.509000,194.535000,195.639000,195.745000,205.803000,224.124000,
shape=9216,768 round=7 variant=i8mm-fixed n=9216 nc=768 reps=31 median_us=197.863000 gops=71.543320 checksum=-42964.7998648 samples_us=196.843000,196.880000,196.990000,197.005000,197.056000,197.080000,197.139000,197.151000,197.209000,197.230000,197.331000,197.644000,197.769000,197.798000,197.857000,197.863000,197.953000,198.300000,199.256000,199.357000,199.480000,199.965000,199.986000,200.068000,200.653000,200.707000,200.878000,201.875000,202.718000,202.919000,235.391000,
shape=9216,768 round=8 variant=baseline n=9216 nc=768 reps=31 median_us=191.061000 gops=74.090348 checksum=-42964.7998648 samples_us=188.469000,188.563000,188.569000,188.609000,188.710000,188.722000,188.746000,188.763000,188.813000,188.818000,189.367000,189.478000,190.633000,190.821000,190.874000,191.061000,191.092000,191.109000,191.191000,191.569000,191.858000,191.975000,192.193000,192.365000,193.394000,193.529000,193.719000,193.863000,195.021000,195.030000,224.039000,
shape=9216,768 round=8 variant=i8mm-fixed n=9216 nc=768 reps=31 median_us=198.447000 gops=71.332779 checksum=-42964.7998648 samples_us=196.978000,197.028000,197.127000,197.140000,197.177000,197.177000,197.189000,197.656000,197.719000,197.846000,197.941000,197.960000,198.019000,198.155000,198.274000,198.447000,198.525000,199.858000,200.229000,200.299000,200.577000,200.738000,200.751000,200.924000,201.021000,201.079000,202.340000,203.513000,203.682000,207.677000,211.139000,
shape=9216,768 round=9 variant=baseline n=9216 nc=768 reps=31 median_us=190.763000 gops=74.206088 checksum=-42964.7998648 samples_us=188.122000,188.231000,188.241000,188.308000,188.325000,188.702000,188.717000,188.747000,188.783000,189.053000,190.385000,190.673000,190.713000,190.753000,190.762000,190.763000,190.768000,190.868000,191.063000,191.277000,191.519000,191.691000,191.912000,191.935000,192.039000,192.415000,192.549000,193.407000,194.724000,195.265000,204.080000,
shape=9216,768 round=9 variant=i8mm-fixed n=9216 nc=768 reps=31 median_us=197.664000 gops=71.615347 checksum=-42964.7998648 samples_us=196.668000,196.676000,196.746000,196.814000,196.821000,196.977000,196.999000,197.028000,197.069000,197.069000,197.232000,197.385000,197.497000,197.508000,197.618000,197.664000,197.676000,198.145000,198.467000,198.650000,199.209000,199.230000,199.414000,199.479000,199.776000,199.863000,200.197000,200.202000,200.853000,201.776000,210.088000,
shape=9216,768 round=10 variant=baseline n=9216 nc=768 reps=31 median_us=192.263000 gops=73.627146 checksum=-42964.7998648 samples_us=188.645000,189.477000,190.102000,190.284000,190.921000,190.984000,191.090000,191.137000,191.314000,191.334000,191.358000,191.400000,191.512000,191.896000,191.913000,192.263000,192.469000,192.522000,192.600000,192.781000,193.085000,193.322000,193.444000,193.496000,193.760000,193.821000,194.376000,195.264000,196.929000,197.999000,224.059000,
shape=9216,768 round=10 variant=i8mm-fixed n=9216 nc=768 reps=31 median_us=197.786000 gops=71.571173 checksum=-42964.7998648 samples_us=196.943000,196.960000,196.973000,197.024000,197.077000,197.090000,197.148000,197.219000,197.224000,197.309000,197.401000,197.403000,197.447000,197.490000,197.527000,197.786000,197.804000,198.285000,198.321000,199.306000,199.538000,199.554000,199.922000,200.143000,200.369000,200.415000,200.945000,201.690000,202.358000,205.029000,236.371000,
shape=9216,768 round=11 variant=baseline n=9216 nc=768 reps=31 median_us=191.143000 gops=74.058563 checksum=-42964.7998648 samples_us=188.388000,188.637000,188.807000,189.015000,189.016000,189.106000,189.194000,189.234000,189.532000,190.787000,190.909000,190.968000,191.011000,191.051000,191.070000,191.143000,191.331000,191.361000,191.395000,192.284000,192.432000,192.612000,192.829000,192.992000,193.306000,193.791000,194.079000,194.850000,195.947000,197.509000,204.025000,
shape=9216,768 round=11 variant=i8mm-fixed n=9216 nc=768 reps=31 median_us=197.356000 gops=71.727112 checksum=-42964.7998648 samples_us=196.873000,196.924000,196.999000,197.034000,197.065000,197.134000,197.156000,197.157000,197.236000,197.240000,197.282000,197.294000,197.298000,197.309000,197.314000,197.356000,197.387000,197.847000,198.229000,199.287000,199.405000,199.491000,199.563000,199.639000,199.698000,199.703000,200.629000,201.296000,206.098000,212.135000,222.278000,
shape=3072,9216 round=1 variant=baseline n=3072 nc=9216 reps=31 median_us=800.695000 gops=70.717444 checksum=251900.452492 samples_us=767.877000,774.596000,776.225000,777.232000,777.571000,780.912000,781.389000,785.321000,785.528000,792.703000,793.877000,795.087000,797.535000,797.893000,800.069000,800.695000,801.155000,801.546000,803.236000,803.887000,803.934000,806.393000,807.171000,808.022000,811.401000,812.172000,815.031000,819.484000,820.296000,823.685000,842.511000,
shape=3072,9216 round=1 variant=i8mm-fixed n=3072 nc=9216 reps=31 median_us=824.545000 gops=68.671939 checksum=251900.452492 samples_us=806.821000,807.919000,810.719000,813.546000,813.844000,815.770000,817.368000,818.002000,820.008000,820.017000,820.876000,820.977000,821.133000,823.162000,824.423000,824.545000,825.206000,825.261000,826.260000,826.792000,827.136000,827.197000,827.362000,828.247000,828.992000,834.274000,836.165000,836.779000,836.847000,841.723000,845.019000,
shape=3072,9216 round=2 variant=baseline n=3072 nc=9216 reps=31 median_us=807.285000 gops=70.140166 checksum=251900.452492 samples_us=785.299000,791.099000,791.716000,791.745000,792.054000,792.459000,793.022000,796.012000,797.775000,798.176000,798.309000,799.342000,800.736000,801.771000,806.358000,807.285000,807.941000,808.204000,810.321000,810.473000,811.032000,811.724000,815.710000,815.865000,817.531000,820.137000,822.021000,822.653000,825.777000,827.023000,827.835000,
shape=3072,9216 round=2 variant=i8mm-fixed n=3072 nc=9216 reps=31 median_us=836.706000 gops=67.673835 checksum=251900.452492 samples_us=813.754000,814.197000,815.363000,826.046000,826.804000,826.868000,828.412000,828.787000,830.431000,831.106000,831.856000,832.326000,832.419000,833.007000,836.442000,836.706000,836.869000,837.342000,838.069000,838.152000,838.973000,842.737000,843.078000,845.301000,846.698000,847.756000,850.366000,850.680000,851.447000,866.164000,870.342000,
shape=3072,9216 round=3 variant=baseline n=3072 nc=9216 reps=31 median_us=805.223000 gops=70.319780 checksum=251900.452492 samples_us=762.871000,770.033000,772.016000,777.597000,780.122000,786.720000,788.304000,788.513000,789.752000,792.052000,796.289000,798.291000,799.003000,803.537000,803.670000,805.223000,808.369000,812.913000,814.588000,816.104000,817.260000,819.249000,819.649000,819.809000,821.120000,823.964000,825.577000,826.944000,827.110000,828.565000,833.246000,
shape=3072,9216 round=3 variant=i8mm-fixed n=3072 nc=9216 reps=31 median_us=836.233000 gops=67.712114 checksum=251900.452492 samples_us=810.261000,817.134000,817.713000,818.185000,820.341000,822.469000,823.299000,824.014000,827.340000,829.430000,830.303000,830.397000,831.716000,834.577000,835.788000,836.233000,836.495000,837.681000,838.929000,841.672000,842.517000,844.579000,845.456000,845.595000,847.899000,849.181000,852.354000,860.584000,864.351000,868.256000,878.423000,
shape=3072,9216 round=4 variant=baseline n=3072 nc=9216 reps=31 median_us=826.919000 gops=68.474789 checksum=251900.452492 samples_us=813.236000,814.860000,817.814000,818.807000,818.904000,820.083000,820.162000,820.920000,821.280000,822.220000,822.321000,823.098000,825.332000,825.966000,826.006000,826.919000,828.033000,828.120000,828.426000,829.549000,831.944000,832.282000,832.693000,833.374000,835.275000,835.340000,836.214000,836.339000,841.333000,841.824000,844.013000,
shape=3072,9216 round=4 variant=i8mm-fixed n=3072 nc=9216 reps=31 median_us=813.893000 gops=69.570698 checksum=251900.452492 samples_us=803.500000,803.737000,803.993000,804.021000,808.579000,808.704000,809.306000,809.972000,810.762000,811.628000,811.752000,812.575000,813.407000,813.639000,813.802000,813.893000,816.623000,817.710000,818.104000,818.591000,825.921000,826.416000,826.606000,827.453000,829.338000,837.465000,838.227000,838.232000,840.111000,847.301000,863.859000,
shape=3072,9216 round=5 variant=baseline n=3072 nc=9216 reps=31 median_us=776.940000 gops=72.879635 checksum=251900.452492 samples_us=761.638000,767.066000,767.817000,769.359000,769.784000,770.108000,773.749000,773.766000,774.649000,774.883000,775.104000,775.415000,775.545000,775.709000,776.611000,776.940000,778.229000,778.491000,780.971000,784.475000,784.476000,784.927000,785.007000,786.641000,786.995000,789.061000,791.318000,794.578000,802.434000,813.148000,819.369000,
shape=3072,9216 round=5 variant=i8mm-fixed n=3072 nc=9216 reps=31 median_us=846.766000 gops=66.869837 checksum=251900.452492 samples_us=801.380000,804.669000,805.025000,806.597000,811.253000,813.349000,827.864000,828.538000,830.380000,832.739000,835.490000,838.982000,841.230000,842.143000,843.025000,846.766000,847.312000,847.877000,849.303000,853.548000,854.074000,856.364000,856.983000,858.167000,861.179000,862.783000,863.276000,865.427000,867.042000,872.799000,874.849000,
shape=3072,9216 round=6 variant=baseline n=3072 nc=9216 reps=31 median_us=797.702000 gops=70.982778 checksum=251900.452492 samples_us=767.938000,771.970000,772.983000,775.128000,775.685000,782.033000,783.377000,783.906000,787.529000,789.799000,791.513000,791.775000,793.002000,793.446000,795.159000,797.702000,799.129000,799.556000,800.087000,800.637000,802.205000,802.959000,803.983000,807.582000,810.985000,812.143000,813.541000,820.181000,824.108000,829.162000,829.754000,
shape=3072,9216 round=6 variant=i8mm-fixed n=3072 nc=9216 reps=31 median_us=831.505000 gops=68.097130 checksum=251900.452492 samples_us=802.199000,811.844000,813.108000,813.962000,815.434000,817.954000,819.138000,824.442000,825.105000,827.630000,828.519000,829.101000,829.149000,830.053000,831.098000,831.505000,834.582000,835.033000,836.324000,836.642000,837.445000,839.851000,840.151000,842.622000,843.003000,843.041000,844.415000,845.267000,845.562000,846.620000,847.188000,
shape=3072,9216 round=7 variant=baseline n=3072 nc=9216 reps=31 median_us=803.800000 gops=70.444270 checksum=251900.452492 samples_us=782.646000,784.615000,784.937000,786.184000,786.228000,786.371000,787.959000,789.309000,794.759000,795.744000,796.548000,798.844000,800.208000,801.769000,803.083000,803.800000,804.280000,806.072000,806.085000,807.041000,808.816000,810.954000,811.299000,811.951000,812.353000,812.700000,816.920000,818.250000,819.787000,822.225000,824.640000,
shape=3072,9216 round=7 variant=i8mm-fixed n=3072 nc=9216 reps=31 median_us=833.555000 gops=67.929656 checksum=251900.452492 samples_us=803.221000,804.359000,808.208000,808.791000,810.656000,812.648000,814.703000,814.902000,819.373000,823.727000,827.478000,828.040000,829.505000,831.969000,832.302000,833.555000,834.522000,834.800000,836.585000,837.254000,838.865000,842.881000,843.292000,843.875000,846.520000,847.617000,848.255000,849.819000,851.016000,852.424000,857.670000,
shape=3072,9216 round=8 variant=baseline n=3072 nc=9216 reps=31 median_us=796.691000 gops=71.072855 checksum=251900.452492 samples_us=784.906000,786.624000,786.810000,787.057000,787.821000,788.362000,789.481000,790.504000,791.036000,792.138000,792.737000,794.408000,794.466000,795.830000,796.088000,796.691000,797.808000,805.725000,805.985000,807.667000,808.866000,809.085000,810.900000,811.167000,812.458000,813.925000,814.665000,816.363000,818.751000,825.517000,830.401000,
shape=3072,9216 round=8 variant=i8mm-fixed n=3072 nc=9216 reps=31 median_us=833.235000 gops=67.955744 checksum=251900.452492 samples_us=808.203000,815.477000,817.485000,818.919000,819.000000,820.915000,824.031000,826.481000,827.121000,828.495000,829.117000,829.332000,831.964000,832.007000,832.925000,833.235000,833.519000,835.894000,836.923000,841.301000,841.605000,846.610000,846.758000,847.151000,850.537000,851.877000,853.715000,854.763000,861.234000,863.458000,872.334000,
shape=3072,9216 round=9 variant=baseline n=3072 nc=9216 reps=31 median_us=797.784000 gops=70.975482 checksum=251900.452492 samples_us=777.560000,779.293000,779.988000,781.837000,783.242000,783.413000,785.001000,785.831000,785.913000,789.106000,789.358000,791.249000,793.514000,796.268000,797.495000,797.784000,799.139000,800.974000,801.504000,803.134000,806.959000,807.682000,807.743000,809.948000,810.748000,811.532000,811.752000,815.173000,824.085000,825.837000,833.180000,
shape=3072,9216 round=9 variant=i8mm-fixed n=3072 nc=9216 reps=31 median_us=799.286000 gops=70.842107 checksum=251900.452492 samples_us=792.206000,793.127000,793.154000,793.600000,793.988000,794.325000,795.136000,795.183000,795.689000,795.956000,796.127000,796.562000,796.635000,797.008000,797.489000,799.286000,801.449000,802.296000,804.491000,805.071000,807.203000,812.695000,816.321000,817.785000,822.540000,824.817000,829.990000,831.327000,835.409000,838.440000,842.550000,
shape=3072,9216 round=10 variant=baseline n=3072 nc=9216 reps=31 median_us=799.937000 gops=70.784454 checksum=251900.452492 samples_us=771.879000,777.168000,780.822000,783.251000,783.292000,788.729000,788.892000,789.704000,792.019000,793.242000,794.000000,794.668000,794.730000,795.929000,799.119000,799.937000,801.388000,801.722000,803.820000,804.377000,807.581000,807.991000,808.617000,811.239000,811.318000,813.735000,815.720000,815.731000,818.186000,828.166000,836.624000,
shape=3072,9216 round=10 variant=i8mm-fixed n=3072 nc=9216 reps=31 median_us=836.925000 gops=67.656127 checksum=251900.452492 samples_us=818.504000,821.663000,822.319000,824.761000,825.688000,826.578000,828.723000,829.895000,830.772000,832.745000,834.778000,834.930000,835.319000,836.403000,836.708000,836.925000,837.660000,838.383000,838.445000,838.970000,839.683000,840.236000,842.538000,843.071000,843.111000,844.403000,845.255000,848.506000,849.586000,856.604000,858.310000,
shape=3072,9216 round=11 variant=baseline n=3072 nc=9216 reps=31 median_us=800.827000 gops=70.705788 checksum=251900.452492 samples_us=779.466000,790.318000,792.352000,793.579000,793.846000,794.047000,794.644000,794.845000,795.098000,797.813000,798.041000,798.894000,799.761000,800.416000,800.558000,800.827000,800.993000,801.262000,802.935000,802.972000,803.112000,804.278000,807.496000,811.561000,811.747000,817.040000,818.215000,820.374000,824.585000,843.354000,844.352000,
shape=3072,9216 round=11 variant=i8mm-fixed n=3072 nc=9216 reps=31 median_us=847.161000 gops=66.838658 checksum=251900.452492 samples_us=806.468000,806.701000,822.004000,822.662000,824.299000,826.258000,831.086000,836.384000,838.902000,839.113000,840.738000,841.262000,841.549000,841.727000,846.370000,847.161000,848.667000,849.622000,855.675000,856.809000,856.840000,856.898000,857.193000,861.635000,862.459000,863.929000,864.177000,864.663000,865.068000,865.717000,866.548000,
shape=9216,3072 round=1 variant=baseline n=9216 nc=3072 reps=31 median_us=917.184000 gops=61.735817 checksum=86157.0952926 samples_us=827.239000,837.233000,840.549000,843.493000,852.981000,862.436000,868.034000,876.264000,877.031000,881.336000,891.358000,899.796000,905.021000,907.323000,913.580000,917.184000,917.517000,923.477000,924.713000,931.148000,931.828000,934.699000,937.026000,937.089000,939.583000,940.946000,941.006000,941.165000,941.367000,945.824000,955.430000,
shape=9216,3072 round=1 variant=i8mm-fixed n=9216 nc=3072 reps=31 median_us=936.742000 gops=60.446851 checksum=86157.0952926 samples_us=859.086000,879.453000,887.662000,888.892000,893.110000,894.304000,894.489000,895.886000,901.271000,901.731000,904.777000,907.228000,919.521000,919.701000,925.416000,936.742000,939.294000,944.526000,946.482000,952.861000,953.019000,955.874000,962.149000,963.326000,968.124000,972.451000,979.330000,982.287000,984.392000,985.747000,985.890000,
shape=9216,3072 round=2 variant=baseline n=9216 nc=3072 reps=31 median_us=853.771000 gops=66.321184 checksum=86157.0952926 samples_us=797.447000,808.531000,812.080000,831.321000,831.360000,835.328000,836.032000,837.485000,846.019000,847.373000,849.993000,850.199000,851.603000,853.048000,853.412000,853.771000,856.996000,858.126000,861.005000,862.400000,872.611000,872.754000,880.360000,880.913000,881.280000,881.816000,883.892000,898.835000,907.266000,915.437000,939.460000,
shape=9216,3072 round=2 variant=i8mm-fixed n=9216 nc=3072 reps=31 median_us=873.711000 gops=64.807590 checksum=86157.0952926 samples_us=812.332000,812.434000,818.346000,819.119000,819.266000,819.543000,820.842000,823.514000,846.734000,855.318000,856.447000,858.809000,860.231000,863.577000,871.385000,873.711000,874.904000,876.104000,879.157000,884.344000,893.697000,903.608000,905.681000,905.883000,908.969000,922.903000,928.897000,940.643000,952.015000,999.859000,1011.606000,
shape=9216,3072 round=3 variant=baseline n=9216 nc=3072 reps=31 median_us=857.055000 gops=66.067060 checksum=86157.0952926 samples_us=780.571000,780.954000,781.049000,783.057000,783.938000,785.902000,802.539000,802.791000,816.399000,817.204000,824.437000,827.038000,827.826000,844.181000,850.519000,857.055000,861.628000,863.048000,866.778000,868.090000,877.263000,883.749000,887.041000,906.390000,908.469000,908.650000,928.254000,940.917000,971.686000,976.260000,979.714000,
shape=9216,3072 round=3 variant=i8mm-fixed n=9216 nc=3072 reps=31 median_us=835.261000 gops=67.790911 checksum=86157.0952926 samples_us=801.957000,802.106000,803.361000,805.237000,809.144000,812.548000,813.178000,816.137000,819.243000,821.139000,821.280000,824.157000,828.226000,829.797000,830.946000,835.261000,836.265000,836.834000,837.185000,838.092000,838.932000,841.302000,841.316000,841.921000,846.692000,848.275000,856.050000,873.427000,885.588000,901.135000,915.486000,
shape=9216,3072 round=4 variant=baseline n=9216 nc=3072 reps=31 median_us=848.908000 gops=66.701108 checksum=86157.0952926 samples_us=803.590000,804.409000,810.954000,819.660000,821.139000,827.973000,828.207000,828.366000,828.753000,829.537000,831.629000,836.716000,838.892000,841.002000,847.153000,848.908000,855.468000,856.553000,863.806000,884.241000,893.475000,901.506000,903.084000,905.779000,908.500000,909.923000,911.780000,914.048000,921.630000,927.404000,970.687000,
shape=9216,3072 round=4 variant=i8mm-fixed n=9216 nc=3072 reps=31 median_us=896.638000 gops=63.150462 checksum=86157.0952926 samples_us=799.890000,803.224000,810.820000,812.020000,812.597000,815.589000,816.084000,828.831000,846.745000,859.706000,865.794000,866.272000,880.402000,890.950000,894.356000,896.638000,897.597000,898.994000,901.853000,906.638000,915.815000,917.839000,933.601000,934.964000,941.138000,947.053000,959.730000,960.519000,974.170000,995.453000,1006.025000,
shape=9216,3072 round=5 variant=baseline n=9216 nc=3072 reps=31 median_us=781.683000 gops=72.437425 checksum=86157.0952926 samples_us=765.546000,769.422000,770.875000,771.922000,772.554000,773.078000,775.161000,775.771000,775.877000,778.089000,778.273000,778.427000,778.838000,779.755000,781.253000,781.683000,781.829000,784.460000,784.512000,790.474000,798.014000,799.998000,804.452000,810.518000,811.026000,814.392000,819.754000,825.389000,831.593000,837.152000,847.569000,
shape=9216,3072 round=5 variant=i8mm-fixed n=9216 nc=3072 reps=31 median_us=921.368000 gops=61.455471 checksum=86157.0952926 samples_us=804.753000,842.152000,849.658000,851.356000,858.601000,863.466000,869.907000,894.437000,903.295000,904.845000,909.679000,910.419000,910.456000,911.468000,912.155000,921.368000,925.377000,926.672000,928.675000,930.831000,940.008000,953.722000,962.407000,964.225000,971.134000,973.431000,974.128000,982.772000,985.621000,987.654000,1000.006000,
shape=9216,3072 round=6 variant=baseline n=9216 nc=3072 reps=31 median_us=836.647000 gops=67.678608 checksum=86157.0952926 samples_us=789.779000,803.873000,806.865000,807.447000,811.188000,812.297000,813.327000,814.352000,814.616000,818.519000,820.211000,820.583000,822.762000,828.002000,832.849000,836.647000,837.179000,839.543000,841.190000,842.022000,842.874000,844.154000,848.321000,852.557000,859.959000,866.621000,868.528000,872.375000,879.573000,883.437000,895.042000,
shape=9216,3072 round=6 variant=i8mm-fixed n=9216 nc=3072 reps=31 median_us=882.202000 gops=64.183831 checksum=86157.0952926 samples_us=833.670000,837.832000,839.615000,843.865000,851.712000,853.051000,854.744000,855.509000,857.901000,863.905000,866.070000,870.142000,871.784000,874.822000,882.025000,882.202000,883.783000,891.534000,893.061000,898.786000,906.332000,908.045000,912.535000,921.343000,922.954000,929.931000,931.592000,935.223000,937.320000,959.603000,965.013000,
shape=9216,3072 round=7 variant=baseline n=9216 nc=3072 reps=31 median_us=805.715000 gops=70.276840 checksum=86157.0952926 samples_us=776.714000,778.348000,784.016000,788.017000,789.305000,789.432000,793.421000,794.677000,796.169000,798.778000,800.496000,802.543000,802.559000,805.252000,805.440000,805.715000,806.534000,807.880000,808.210000,811.877000,815.759000,818.012000,821.336000,822.056000,823.616000,838.524000,847.791000,851.703000,866.529000,880.408000,888.234000,
shape=9216,3072 round=7 variant=i8mm-fixed n=9216 nc=3072 reps=31 median_us=810.860000 gops=69.830925 checksum=86157.0952926 samples_us=797.099000,798.230000,799.233000,801.394000,802.370000,802.827000,803.078000,803.597000,804.824000,805.952000,805.989000,807.032000,808.712000,808.787000,810.730000,810.860000,812.666000,813.132000,817.138000,817.505000,821.182000,827.873000,832.825000,835.547000,835.673000,840.520000,841.210000,841.924000,864.536000,866.030000,893.110000,
shape=9216,3072 round=8 variant=baseline n=9216 nc=3072 reps=31 median_us=814.750000 gops=69.497519 checksum=86157.0952926 samples_us=780.165000,782.305000,783.094000,783.745000,784.359000,787.171000,795.100000,796.718000,797.799000,798.496000,803.346000,803.637000,803.650000,804.152000,804.358000,814.750000,815.724000,820.481000,823.572000,832.638000,845.066000,876.062000,893.795000,896.571000,898.823000,900.474000,905.104000,917.626000,920.884000,931.198000,945.741000,
shape=9216,3072 round=8 variant=i8mm-fixed n=9216 nc=3072 reps=31 median_us=889.737000 gops=63.640271 checksum=86157.0952926 samples_us=832.489000,835.931000,842.680000,849.111000,850.855000,858.395000,859.444000,865.844000,870.019000,870.542000,871.119000,874.820000,878.911000,881.420000,884.480000,889.737000,889.807000,890.454000,894.188000,894.331000,896.578000,903.290000,903.790000,908.587000,931.143000,931.504000,934.164000,938.700000,963.303000,969.198000,989.418000,
shape=9216,3072 round=9 variant=baseline n=9216 nc=3072 reps=31 median_us=806.751000 gops=70.186593 checksum=86157.0952926 samples_us=773.703000,776.302000,778.718000,780.218000,780.548000,787.206000,790.746000,793.806000,796.654000,796.781000,797.399000,800.138000,800.464000,801.230000,804.123000,806.751000,811.595000,811.851000,817.110000,821.833000,822.683000,824.700000,825.536000,826.280000,828.520000,831.505000,858.122000,867.602000,873.282000,883.995000,918.853000,
shape=9216,3072 round=9 variant=i8mm-fixed n=9216 nc=3072 reps=31 median_us=869.713000 gops=65.105505 checksum=86157.0952926 samples_us=803.938000,805.304000,805.538000,824.988000,825.535000,842.516000,849.569000,851.113000,859.087000,860.170000,860.394000,860.443000,863.247000,864.279000,867.423000,869.713000,871.477000,875.891000,884.815000,887.998000,899.337000,899.613000,912.243000,914.640000,920.572000,920.874000,929.084000,930.381000,933.498000,952.429000,998.132000,
shape=9216,3072 round=10 variant=baseline n=9216 nc=3072 reps=31 median_us=814.582000 gops=69.511853 checksum=86157.0952926 samples_us=772.328000,781.742000,783.850000,789.402000,789.529000,792.547000,797.653000,804.080000,804.629000,804.766000,805.814000,806.167000,807.507000,808.977000,811.778000,814.582000,814.946000,815.524000,815.900000,816.952000,817.569000,818.166000,826.933000,830.540000,833.803000,835.770000,839.995000,857.278000,857.965000,887.757000,903.584000,
shape=9216,3072 round=10 variant=i8mm-fixed n=9216 nc=3072 reps=31 median_us=859.395000 gops=65.887169 checksum=86157.0952926 samples_us=800.943000,816.607000,822.909000,825.400000,827.782000,836.342000,841.861000,847.976000,848.642000,850.128000,852.597000,853.309000,853.481000,855.270000,856.954000,859.395000,861.439000,863.317000,878.782000,882.228000,891.825000,896.721000,903.322000,908.512000,911.069000,911.505000,921.384000,932.936000,959.049000,978.024000,980.780000,
shape=9216,3072 round=11 variant=baseline n=9216 nc=3072 reps=31 median_us=799.335000 gops=70.837764 checksum=86157.0952926 samples_us=765.989000,772.759000,778.203000,778.936000,780.560000,781.835000,782.376000,782.592000,782.728000,784.024000,784.286000,784.844000,786.465000,791.777000,798.178000,799.335000,801.596000,808.047000,810.378000,810.546000,822.703000,822.751000,826.874000,835.502000,841.278000,842.377000,851.109000,855.722000,862.281000,868.205000,900.892000,
shape=9216,3072 round=11 variant=i8mm-fixed n=9216 nc=3072 reps=31 median_us=841.129000 gops=67.317979 checksum=86157.0952926 samples_us=806.789000,809.497000,813.428000,814.147000,817.042000,818.715000,820.133000,820.422000,821.206000,821.969000,825.919000,826.788000,831.440000,837.438000,839.400000,841.129000,846.328000,849.281000,854.934000,855.927000,857.948000,868.926000,870.841000,872.439000,875.823000,876.450000,879.353000,880.317000,894.058000,898.700000,902.425000,
