shape=3072,2304 round=1 variant=baseline n=3072 nc=2304 reps=31 median_us=413.575000 gops=34.227833 checksum=-7944.5326308 samples_us=410.626000,410.712000,410.761000,410.953000,411.040000,411.110000,411.140000,411.438000,411.472000,412.651000,412.694000,412.750000,412.976000,413.306000,413.461000,413.575000,413.608000,413.661000,413.843000,414.109000,414.401000,414.515000,414.827000,415.122000,415.412000,415.563000,415.972000,416.105000,416.425000,416.665000,417.959000,
shape=3072,2304 round=1 variant=q6-fused-compact n=3072 nc=2304 reps=31 median_us=450.434000 gops=31.426970 checksum=-7944.5320846 samples_us=447.361000,447.778000,447.872000,448.003000,448.007000,448.425000,448.748000,448.912000,449.268000,449.325000,449.483000,449.838000,449.895000,450.199000,450.402000,450.434000,450.708000,450.793000,450.811000,451.006000,451.468000,451.529000,451.642000,451.653000,452.068000,453.686000,454.079000,454.437000,455.029000,455.327000,456.103000,
shape=3072,2304 round=2 variant=baseline n=3072 nc=2304 reps=31 median_us=412.646000 gops=34.304891 checksum=-7944.5326308 samples_us=408.682000,408.781000,409.024000,409.176000,409.351000,409.434000,409.570000,409.937000,410.080000,410.353000,411.399000,411.534000,411.644000,411.719000,412.400000,412.646000,412.893000,413.181000,413.199000,413.303000,413.588000,413.661000,413.724000,413.783000,414.579000,414.796000,414.801000,414.962000,414.970000,415.067000,415.652000,
shape=3072,2304 round=2 variant=q6-fused-compact n=3072 nc=2304 reps=31 median_us=452.094000 gops=31.311577 checksum=-7944.5320846 samples_us=447.634000,447.746000,448.269000,448.433000,448.826000,448.868000,449.444000,449.759000,449.869000,449.895000,450.543000,450.638000,451.536000,451.768000,451.989000,452.094000,452.399000,452.688000,452.963000,453.253000,453.260000,453.406000,453.576000,454.246000,454.271000,454.525000,455.402000,456.020000,456.403000,457.147000,461.209000,
shape=3072,2304 round=3 variant=baseline n=3072 nc=2304 reps=31 median_us=412.833000 gops=34.289352 checksum=-7944.5326308 samples_us=408.276000,409.443000,409.799000,410.040000,410.555000,410.628000,410.687000,410.687000,410.819000,410.994000,411.195000,411.372000,411.583000,412.413000,412.443000,412.833000,413.155000,413.157000,413.207000,413.243000,413.300000,414.208000,414.374000,414.460000,414.929000,415.528000,415.606000,415.613000,415.767000,416.375000,425.905000,
shape=3072,2304 round=3 variant=q6-fused-compact n=3072 nc=2304 reps=31 median_us=450.417000 gops=31.428157 checksum=-7944.5320846 samples_us=446.685000,447.078000,447.085000,447.266000,447.324000,447.628000,448.161000,448.354000,448.837000,449.063000,449.837000,449.921000,449.992000,450.011000,450.334000,450.417000,450.505000,450.649000,450.692000,450.963000,451.205000,451.269000,451.975000,451.977000,452.064000,452.103000,452.697000,452.872000,454.497000,454.706000,454.712000,
shape=3072,2304 round=4 variant=baseline n=3072 nc=2304 reps=31 median_us=413.682000 gops=34.218980 checksum=-7944.5326308 samples_us=411.027000,411.349000,411.410000,411.419000,411.651000,411.891000,411.944000,412.003000,412.125000,412.140000,412.786000,412.825000,412.884000,413.336000,413.601000,413.682000,413.798000,414.209000,414.236000,414.246000,414.268000,414.860000,414.896000,415.068000,415.212000,415.251000,415.730000,415.991000,416.784000,417.210000,417.970000,
shape=3072,2304 round=4 variant=q6-fused-compact n=3072 nc=2304 reps=31 median_us=451.357000 gops=31.362704 checksum=-7944.5320846 samples_us=447.864000,447.870000,448.136000,449.088000,449.273000,449.550000,449.785000,450.229000,450.573000,450.585000,450.596000,450.628000,450.955000,451.012000,451.200000,451.357000,451.523000,451.607000,451.858000,451.925000,452.703000,452.726000,452.739000,453.163000,453.367000,453.761000,454.027000,454.048000,454.095000,455.819000,458.596000,
shape=3072,2304 round=5 variant=baseline n=3072 nc=2304 reps=31 median_us=412.840000 gops=34.288770 checksum=-7944.5326308 samples_us=409.734000,409.911000,409.967000,410.148000,410.210000,410.334000,410.421000,411.085000,411.223000,411.877000,411.920000,411.951000,411.951000,412.032000,412.144000,412.840000,412.887000,413.015000,413.184000,413.592000,413.996000,414.232000,414.464000,414.590000,415.096000,415.140000,415.643000,416.489000,417.800000,418.016000,439.282000,
shape=3072,2304 round=5 variant=q6-fused-compact n=3072 nc=2304 reps=31 median_us=452.271000 gops=31.299323 checksum=-7944.5320846 samples_us=448.990000,449.643000,450.071000,450.387000,450.626000,450.731000,450.825000,450.854000,451.117000,451.247000,451.412000,451.633000,451.865000,451.921000,451.958000,452.271000,452.430000,452.796000,452.950000,453.658000,454.502000,454.607000,454.736000,454.813000,454.864000,455.476000,455.565000,455.985000,458.536000,459.467000,475.599000,
shape=3072,2304 round=6 variant=baseline n=3072 nc=2304 reps=31 median_us=416.498000 gops=33.987621 checksum=-7944.5326308 samples_us=411.113000,411.376000,411.409000,411.449000,412.982000,414.341000,414.614000,414.745000,414.919000,415.293000,415.301000,415.492000,416.052000,416.296000,416.333000,416.498000,416.594000,416.809000,417.126000,417.533000,417.624000,417.674000,417.763000,417.995000,418.088000,418.778000,419.023000,419.122000,420.452000,421.279000,446.568000,
shape=3072,2304 round=6 variant=q6-fused-compact n=3072 nc=2304 reps=31 median_us=451.973000 gops=31.319959 checksum=-7944.5320846 samples_us=448.050000,448.234000,448.450000,448.507000,448.529000,449.430000,449.882000,449.883000,450.102000,450.468000,451.007000,451.044000,451.073000,451.159000,451.943000,451.973000,452.029000,452.337000,452.432000,453.073000,453.186000,454.298000,454.523000,454.607000,455.013000,455.351000,455.373000,456.172000,456.339000,456.364000,458.894000,
shape=3072,2304 round=7 variant=baseline n=3072 nc=2304 reps=31 median_us=412.998000 gops=34.275653 checksum=-7944.5326308 samples_us=409.654000,409.942000,410.248000,410.269000,410.472000,410.790000,410.826000,410.860000,411.176000,411.267000,411.757000,411.907000,412.150000,412.581000,412.937000,412.998000,413.487000,413.552000,413.592000,413.806000,413.914000,413.953000,414.135000,414.278000,414.840000,415.343000,415.744000,415.868000,416.103000,416.201000,449.671000,
shape=3072,2304 round=7 variant=q6-fused-compact n=3072 nc=2304 reps=31 median_us=451.337000 gops=31.364094 checksum=-7944.5320846 samples_us=447.943000,448.637000,448.816000,449.342000,449.439000,449.547000,449.723000,449.770000,450.022000,450.167000,450.401000,450.847000,450.907000,450.979000,451.037000,451.337000,451.482000,451.877000,452.190000,452.248000,452.842000,452.995000,453.294000,453.364000,453.627000,453.630000,454.110000,454.620000,455.208000,457.562000,465.119000,
shape=3072,2304 round=8 variant=baseline n=3072 nc=2304 reps=31 median_us=412.678000 gops=34.302231 checksum=-7944.5326308 samples_us=409.628000,409.769000,409.864000,409.906000,410.025000,410.130000,410.216000,410.408000,410.834000,410.848000,411.579000,411.728000,412.088000,412.324000,412.656000,412.678000,412.733000,412.851000,412.914000,413.060000,413.111000,413.436000,413.626000,414.597000,415.566000,415.811000,415.828000,416.428000,416.943000,417.003000,425.353000,
shape=3072,2304 round=8 variant=q6-fused-compact n=3072 nc=2304 reps=31 median_us=450.542000 gops=31.419437 checksum=-7944.5320846 samples_us=446.278000,446.556000,446.668000,446.960000,447.464000,448.017000,448.062000,448.113000,448.337000,448.465000,448.799000,448.948000,449.648000,449.926000,450.333000,450.542000,450.688000,450.688000,450.903000,451.266000,451.796000,452.058000,452.161000,452.373000,452.828000,453.079000,453.285000,453.313000,454.622000,456.078000,479.051000,
shape=3072,2304 round=9 variant=baseline n=3072 nc=2304 reps=31 median_us=412.442000 gops=34.321859 checksum=-7944.5326308 samples_us=409.726000,409.992000,410.173000,410.288000,410.404000,410.617000,410.749000,410.924000,411.284000,411.291000,411.318000,411.892000,411.956000,412.158000,412.318000,412.442000,412.473000,412.917000,413.130000,413.309000,413.382000,413.667000,413.833000,414.450000,414.920000,415.232000,415.409000,416.417000,416.476000,416.698000,417.416000,
shape=3072,2304 round=9 variant=q6-fused-compact n=3072 nc=2304 reps=31 median_us=451.055000 gops=31.383703 checksum=-7944.5320846 samples_us=447.557000,447.903000,447.986000,448.184000,448.546000,449.063000,449.093000,449.256000,449.830000,449.868000,449.875000,450.048000,450.343000,450.565000,450.605000,451.055000,451.112000,451.379000,451.457000,451.537000,451.594000,451.637000,452.192000,453.112000,453.248000,453.331000,453.813000,454.104000,454.258000,454.792000,454.812000,
shape=3072,2304 round=10 variant=baseline n=3072 nc=2304 reps=31 median_us=411.762000 gops=34.378539 checksum=-7944.5326308 samples_us=409.092000,409.113000,409.118000,409.290000,409.329000,409.355000,409.448000,409.508000,409.665000,409.683000,409.714000,411.258000,411.297000,411.312000,411.359000,411.762000,411.860000,411.862000,411.952000,412.035000,412.496000,412.635000,412.874000,412.903000,414.073000,414.100000,414.191000,414.530000,414.894000,415.613000,415.642000,
shape=3072,2304 round=10 variant=q6-fused-compact n=3072 nc=2304 reps=31 median_us=450.898000 gops=31.394630 checksum=-7944.5320846 samples_us=447.009000,447.624000,447.641000,447.670000,447.961000,448.663000,448.762000,448.849000,448.940000,449.219000,449.585000,449.640000,449.895000,450.636000,450.690000,450.898000,450.969000,451.045000,451.149000,451.156000,451.713000,452.422000,452.489000,452.801000,453.534000,453.561000,454.085000,454.899000,455.160000,455.367000,470.191000,
shape=3072,2304 round=11 variant=baseline n=3072 nc=2304 reps=31 median_us=412.417000 gops=34.323939 checksum=-7944.5326308 samples_us=409.593000,409.597000,409.673000,409.695000,409.776000,410.218000,410.277000,410.298000,410.444000,410.694000,411.121000,411.362000,411.671000,411.708000,412.315000,412.417000,412.428000,412.512000,412.567000,412.589000,412.701000,412.705000,412.931000,413.034000,414.088000,414.463000,414.739000,414.748000,414.951000,415.458000,415.721000,
shape=3072,2304 round=11 variant=q6-fused-compact n=3072 nc=2304 reps=31 median_us=450.294000 gops=31.436741 checksum=-7944.5320846 samples_us=447.357000,447.427000,447.510000,447.826000,448.104000,448.438000,448.577000,448.753000,448.966000,449.224000,449.519000,449.809000,449.887000,449.998000,450.195000,450.294000,450.499000,450.776000,450.826000,451.129000,451.180000,451.238000,451.379000,451.534000,451.958000,452.804000,453.230000,453.297000,453.427000,453.515000,453.515000,
shape=9216,768 round=1 variant=baseline n=9216 nc=768 reps=31 median_us=412.230000 gops=34.339509 checksum=-7431.93078804 samples_us=409.402000,409.533000,409.534000,409.618000,409.759000,409.876000,409.995000,410.005000,410.218000,410.858000,410.936000,411.643000,411.901000,412.016000,412.177000,412.230000,412.258000,412.261000,412.309000,412.764000,413.153000,413.301000,413.369000,413.553000,414.810000,415.035000,415.226000,415.230000,415.727000,417.056000,424.694000,
shape=9216,768 round=1 variant=q6-fused-compact n=9216 nc=768 reps=31 median_us=450.202000 gops=31.443166 checksum=-7431.93039769 samples_us=447.319000,447.508000,447.548000,447.551000,448.066000,448.448000,448.671000,448.784000,448.803000,449.438000,449.531000,449.564000,449.854000,449.903000,449.925000,450.202000,450.277000,450.529000,450.692000,450.763000,450.959000,451.087000,451.510000,451.657000,451.761000,451.969000,452.760000,452.940000,453.163000,453.559000,458.463000,
shape=9216,768 round=2 variant=baseline n=9216 nc=768 reps=31 median_us=412.244000 gops=34.338343 checksum=-7431.93078804 samples_us=409.741000,409.827000,409.981000,410.039000,410.206000,410.306000,410.415000,410.817000,410.930000,411.012000,411.689000,411.918000,411.967000,412.042000,412.242000,412.244000,412.303000,412.314000,412.354000,412.465000,412.675000,412.736000,412.952000,413.283000,413.471000,413.908000,414.325000,414.445000,414.588000,414.632000,415.231000,
shape=9216,768 round=2 variant=q6-fused-compact n=9216 nc=768 reps=31 median_us=449.848000 gops=31.467909 checksum=-7431.93039769 samples_us=446.541000,446.879000,446.922000,446.957000,447.040000,447.051000,447.526000,448.514000,448.698000,448.916000,448.993000,449.229000,449.302000,449.615000,449.801000,449.848000,449.933000,450.408000,450.895000,450.928000,451.446000,451.485000,451.739000,452.020000,452.059000,452.159000,452.199000,452.259000,452.420000,452.571000,454.387000,
shape=9216,768 round=3 variant=baseline n=9216 nc=768 reps=31 median_us=411.430000 gops=34.406281 checksum=-7431.93078804 samples_us=409.033000,409.139000,409.272000,409.494000,409.613000,409.726000,409.754000,409.845000,410.155000,410.416000,410.437000,410.941000,410.954000,411.134000,411.333000,411.430000,411.447000,411.648000,411.732000,412.049000,412.247000,412.579000,413.149000,413.514000,413.675000,413.872000,414.025000,414.247000,414.441000,415.519000,415.772000,
shape=9216,768 round=3 variant=q6-fused-compact n=9216 nc=768 reps=31 median_us=449.531000 gops=31.490100 checksum=-7431.93039769 samples_us=446.672000,446.765000,446.770000,446.817000,446.947000,447.083000,447.119000,447.178000,448.172000,448.385000,448.400000,448.618000,448.852000,449.053000,449.326000,449.531000,449.556000,449.716000,449.805000,450.082000,450.388000,450.859000,450.963000,451.337000,451.530000,451.535000,451.758000,452.561000,452.583000,452.889000,457.122000,
shape=9216,768 round=4 variant=baseline n=9216 nc=768 reps=31 median_us=412.552000 gops=34.312707 checksum=-7431.93078804 samples_us=409.930000,409.966000,410.054000,410.150000,410.420000,410.471000,410.711000,410.945000,410.964000,410.966000,411.230000,411.733000,412.116000,412.189000,412.462000,412.552000,412.751000,412.911000,412.919000,413.327000,413.334000,414.321000,414.841000,415.043000,415.191000,415.340000,415.516000,415.541000,415.793000,416.079000,416.983000,
shape=9216,768 round=4 variant=q6-fused-compact n=9216 nc=768 reps=31 median_us=449.770000 gops=31.473366 checksum=-7431.93039769 samples_us=446.299000,446.529000,446.645000,446.656000,446.734000,446.774000,448.140000,448.383000,448.403000,448.525000,448.615000,448.743000,448.842000,449.017000,449.239000,449.770000,449.909000,449.933000,450.034000,450.245000,450.570000,450.882000,451.104000,451.136000,451.924000,452.282000,452.439000,452.597000,452.849000,452.870000,453.000000,
shape=9216,768 round=5 variant=baseline n=9216 nc=768 reps=31 median_us=411.656000 gops=34.387391 checksum=-7431.93078804 samples_us=409.379000,409.466000,409.517000,409.575000,409.674000,409.726000,409.817000,410.072000,410.123000,410.535000,411.265000,411.346000,411.419000,411.499000,411.617000,411.656000,411.799000,412.078000,412.431000,412.507000,412.910000,412.967000,413.040000,413.133000,413.697000,414.144000,414.301000,414.340000,414.441000,414.695000,422.307000,
shape=9216,768 round=5 variant=q6-fused-compact n=9216 nc=768 reps=31 median_us=449.020000 gops=31.525936 checksum=-7431.93039769 samples_us=446.013000,446.334000,446.383000,446.519000,446.549000,446.625000,446.633000,446.728000,447.618000,447.904000,447.966000,448.099000,448.583000,448.754000,449.002000,449.020000,449.511000,449.651000,449.683000,450.001000,450.019000,450.125000,450.325000,450.904000,451.422000,451.443000,452.001000,452.049000,452.721000,452.730000,453.546000,
shape=9216,768 round=6 variant=baseline n=9216 nc=768 reps=31 median_us=412.621000 gops=34.306969 checksum=-7431.93078804 samples_us=410.037000,410.200000,410.386000,410.401000,411.024000,411.361000,411.429000,411.655000,411.657000,411.797000,411.898000,411.930000,412.450000,412.484000,412.553000,412.621000,413.130000,413.337000,413.926000,414.167000,414.352000,414.383000,414.596000,414.601000,414.871000,414.942000,415.318000,415.621000,416.213000,416.359000,417.309000,
shape=9216,768 round=6 variant=q6-fused-compact n=9216 nc=768 reps=31 median_us=450.562000 gops=31.418042 checksum=-7431.93039769 samples_us=447.172000,447.520000,447.663000,447.758000,447.846000,448.381000,448.587000,449.125000,449.138000,449.346000,449.976000,450.224000,450.313000,450.334000,450.517000,450.562000,450.838000,450.954000,451.329000,451.403000,451.758000,451.929000,452.622000,452.671000,453.191000,453.192000,453.375000,453.532000,453.681000,454.235000,461.585000,
shape=9216,768 round=7 variant=baseline n=9216 nc=768 reps=31 median_us=412.443000 gops=34.321775 checksum=-7431.93078804 samples_us=409.525000,409.729000,409.958000,410.225000,410.461000,410.621000,410.746000,410.786000,410.913000,410.946000,411.750000,411.825000,411.974000,412.123000,412.338000,412.443000,412.560000,412.677000,412.753000,413.196000,413.297000,413.438000,413.720000,413.916000,414.082000,414.291000,414.901000,415.194000,415.539000,416.610000,417.476000,
shape=9216,768 round=7 variant=q6-fused-compact n=9216 nc=768 reps=31 median_us=450.638000 gops=31.412744 checksum=-7431.93039769 samples_us=447.379000,447.742000,447.766000,447.904000,448.550000,448.741000,449.181000,449.519000,449.689000,450.162000,450.170000,450.208000,450.331000,450.511000,450.561000,450.638000,450.650000,450.650000,450.854000,451.102000,451.109000,451.273000,451.395000,451.495000,451.941000,452.626000,452.688000,452.926000,453.172000,453.462000,487.270000,
shape=9216,768 round=8 variant=baseline n=9216 nc=768 reps=31 median_us=412.553000 gops=34.312624 checksum=-7431.93078804 samples_us=409.270000,409.824000,410.042000,410.091000,410.494000,410.789000,410.862000,410.863000,410.867000,410.971000,411.042000,412.147000,412.206000,412.393000,412.542000,412.553000,412.632000,412.656000,412.736000,412.815000,412.926000,412.992000,413.338000,414.181000,414.261000,414.466000,415.318000,415.328000,415.782000,416.369000,420.007000,
shape=9216,768 round=8 variant=q6-fused-compact n=9216 nc=768 reps=31 median_us=450.751000 gops=31.404869 checksum=-7431.93039769 samples_us=446.816000,447.188000,447.286000,447.331000,448.307000,448.572000,448.628000,449.006000,449.346000,449.994000,450.084000,450.392000,450.431000,450.536000,450.617000,450.751000,450.809000,450.816000,451.021000,451.182000,451.451000,451.656000,451.917000,452.691000,453.020000,453.317000,453.665000,454.533000,454.592000,455.043000,455.959000,
shape=9216,768 round=9 variant=baseline n=9216 nc=768 reps=31 median_us=412.762000 gops=34.295250 checksum=-7431.93078804 samples_us=409.506000,409.809000,409.854000,410.196000,410.228000,410.296000,410.692000,410.866000,411.354000,412.098000,412.304000,412.407000,412.615000,412.673000,412.707000,412.762000,412.800000,412.873000,413.009000,413.039000,413.106000,413.200000,413.237000,413.905000,414.301000,414.315000,414.364000,415.341000,415.802000,416.028000,416.545000,
shape=9216,768 round=9 variant=q6-fused-compact n=9216 nc=768 reps=31 median_us=449.969000 gops=31.459447 checksum=-7431.93039769 samples_us=446.784000,446.812000,446.894000,447.141000,447.188000,447.217000,447.433000,447.970000,448.342000,448.459000,449.107000,449.184000,449.202000,449.452000,449.642000,449.969000,450.040000,450.254000,450.296000,450.343000,450.496000,450.580000,450.852000,450.901000,451.501000,452.002000,452.697000,453.155000,453.195000,454.447000,462.666000,
shape=9216,768 round=10 variant=baseline n=9216 nc=768 reps=31 median_us=412.227000 gops=34.339759 checksum=-7431.93078804 samples_us=409.381000,409.696000,409.744000,409.745000,409.824000,409.869000,410.254000,410.326000,410.485000,410.720000,410.844000,411.801000,411.832000,411.906000,412.008000,412.227000,412.546000,412.567000,412.764000,412.999000,413.057000,413.162000,413.379000,413.887000,414.084000,414.094000,415.062000,415.921000,416.032000,416.139000,416.243000,
shape=9216,768 round=10 variant=q6-fused-compact n=9216 nc=768 reps=31 median_us=450.105000 gops=31.449942 checksum=-7431.93039769 samples_us=445.992000,446.369000,446.805000,446.967000,447.119000,447.576000,447.978000,448.247000,448.616000,448.870000,449.206000,449.529000,449.745000,449.768000,449.888000,450.105000,450.216000,450.264000,450.331000,450.432000,450.707000,450.837000,451.308000,452.275000,452.364000,452.424000,452.441000,453.185000,453.255000,453.256000,461.153000,
shape=9216,768 round=11 variant=baseline n=9216 nc=768 reps=31 median_us=411.926000 gops=34.364852 checksum=-7431.93078804 samples_us=409.127000,409.134000,409.171000,409.270000,409.284000,409.511000,409.571000,409.601000,409.604000,410.851000,410.903000,411.252000,411.435000,411.603000,411.662000,411.926000,412.187000,412.362000,412.396000,412.474000,412.755000,412.872000,413.036000,413.432000,413.780000,413.881000,414.507000,414.791000,415.104000,415.265000,419.309000,
shape=9216,768 round=11 variant=q6-fused-compact n=9216 nc=768 reps=31 median_us=450.083000 gops=31.451479 checksum=-7431.93039769 samples_us=446.319000,446.833000,446.948000,446.998000,447.013000,447.177000,447.379000,447.427000,447.438000,447.530000,448.426000,448.882000,449.083000,449.373000,449.840000,450.083000,450.169000,450.214000,450.266000,450.283000,450.447000,450.509000,450.620000,450.663000,450.785000,452.383000,452.396000,452.501000,452.648000,452.840000,452.888000,
