d6bd6b71c2a8e8786a1573d0dcf8bcf06c139e1223a2d2899ecdddca0ea8bc68  /var/tmp/e24-kernel/variants/baseline/libggml-cpu.so.0.18.0
4644f9b12dfc387a3de7d4fa82061904b715673cf46dcda5c291f2e0c9a46c82  /var/tmp/e24-kernel/variants/q6-fused/libggml-cpu.so.0.18.0
shape=3072,2304 round=1 variant=baseline n=3072 nc=2304 reps=31 median_us=413.033000 gops=34.272748 checksum=-7944.5326308 samples_us=409.797000,409.888000,410.028000,410.183000,410.264000,410.612000,410.748000,410.748000,411.171000,411.479000,411.711000,412.644000,412.692000,412.921000,413.019000,413.033000,413.175000,413.555000,413.756000,413.959000,414.286000,414.469000,415.517000,415.572000,415.841000,415.902000,416.086000,416.522000,416.818000,417.752000,431.700000,
shape=3072,2304 round=1 variant=q6-fused n=3072 nc=2304 reps=31 median_us=381.878000 gops=37.068844 checksum=-7944.5320846 samples_us=378.329000,378.674000,378.921000,379.576000,379.702000,379.761000,380.059000,380.418000,380.505000,380.556000,380.797000,381.079000,381.488000,381.748000,381.839000,381.878000,381.897000,382.205000,382.210000,382.295000,382.630000,382.946000,383.189000,383.747000,383.900000,384.854000,385.701000,385.771000,386.018000,386.418000,388.210000,
shape=3072,2304 round=2 variant=baseline n=3072 nc=2304 reps=31 median_us=412.945000 gops=34.280052 checksum=-7944.5326308 samples_us=409.992000,410.105000,410.325000,410.390000,410.505000,410.519000,410.746000,411.048000,411.238000,411.590000,411.985000,412.553000,412.601000,412.921000,412.939000,412.945000,413.129000,413.170000,413.273000,413.474000,413.708000,413.737000,413.749000,414.056000,414.483000,414.710000,415.547000,415.845000,416.194000,417.098000,424.367000,
shape=3072,2304 round=2 variant=q6-fused n=3072 nc=2304 reps=31 median_us=382.641000 gops=36.994927 checksum=-7944.5320846 samples_us=379.453000,379.650000,379.739000,379.960000,380.120000,380.123000,380.319000,380.328000,380.570000,380.832000,381.092000,382.091000,382.248000,382.310000,382.638000,382.641000,382.676000,382.724000,382.802000,382.838000,382.932000,383.121000,383.155000,383.212000,383.413000,383.508000,385.257000,385.801000,386.147000,386.734000,406.338000,
shape=3072,2304 round=3 variant=baseline n=3072 nc=2304 reps=31 median_us=411.651000 gops=34.387809 checksum=-7944.5326308 samples_us=408.771000,409.186000,409.248000,409.286000,409.432000,409.437000,409.585000,409.610000,409.725000,410.021000,410.151000,410.702000,410.922000,411.307000,411.347000,411.651000,411.718000,411.844000,412.004000,412.071000,412.084000,412.210000,412.817000,413.255000,413.969000,414.142000,414.848000,414.887000,415.027000,416.251000,418.565000,
shape=3072,2304 round=3 variant=q6-fused n=3072 nc=2304 reps=31 median_us=381.592000 gops=37.096627 checksum=-7944.5320846 samples_us=378.081000,378.091000,378.554000,378.835000,378.950000,379.316000,379.647000,380.001000,380.444000,380.552000,380.766000,380.815000,381.054000,381.360000,381.495000,381.592000,381.617000,381.651000,381.843000,382.135000,383.065000,383.228000,383.280000,383.419000,383.686000,383.969000,384.111000,384.460000,384.649000,384.815000,388.175000,
shape=3072,2304 round=4 variant=baseline n=3072 nc=2304 reps=31 median_us=413.252000 gops=34.254586 checksum=-7944.5326308 samples_us=408.908000,409.207000,409.554000,409.663000,409.823000,410.064000,410.831000,410.835000,411.822000,411.924000,412.041000,412.634000,412.694000,413.222000,413.250000,413.252000,413.297000,413.412000,413.548000,413.707000,413.795000,413.963000,414.149000,414.372000,414.409000,414.837000,414.889000,415.840000,417.651000,417.710000,430.958000,
shape=3072,2304 round=4 variant=q6-fused n=3072 nc=2304 reps=31 median_us=383.262000 gops=36.934984 checksum=-7944.5320846 samples_us=379.354000,379.801000,380.013000,380.630000,380.636000,380.656000,380.783000,381.012000,381.282000,381.472000,382.340000,382.561000,382.608000,382.819000,383.162000,383.262000,383.390000,383.492000,383.547000,383.623000,384.065000,384.489000,384.627000,384.726000,385.333000,385.378000,385.601000,385.764000,386.172000,387.446000,407.111000,
shape=3072,2304 round=5 variant=baseline n=3072 nc=2304 reps=31 median_us=411.631000 gops=34.389480 checksum=-7944.5326308 samples_us=408.488000,408.918000,408.937000,409.014000,409.099000,409.137000,409.177000,409.311000,409.356000,409.702000,409.733000,410.809000,411.057000,411.186000,411.324000,411.631000,411.776000,411.921000,412.529000,412.789000,413.236000,413.311000,413.737000,414.738000,414.785000,415.156000,415.546000,416.812000,417.578000,418.341000,420.248000,
shape=3072,2304 round=5 variant=q6-fused n=3072 nc=2304 reps=31 median_us=381.863000 gops=37.070300 checksum=-7944.5320846 samples_us=378.478000,378.669000,378.721000,378.801000,379.690000,379.925000,380.437000,380.533000,380.631000,380.795000,381.016000,381.395000,381.436000,381.570000,381.722000,381.863000,381.973000,382.310000,382.478000,382.575000,383.221000,383.666000,384.267000,384.412000,384.579000,385.641000,386.054000,386.709000,387.388000,387.393000,396.462000,
shape=3072,2304 round=6 variant=baseline n=3072 nc=2304 reps=31 median_us=413.543000 gops=34.230481 checksum=-7944.5326308 samples_us=409.917000,409.956000,410.065000,410.404000,410.735000,410.929000,411.117000,411.346000,411.943000,412.126000,412.640000,412.868000,413.170000,413.326000,413.342000,413.543000,413.820000,414.204000,414.280000,414.294000,414.363000,414.694000,415.304000,415.420000,415.571000,415.763000,416.222000,416.240000,417.976000,423.453000,423.867000,
shape=3072,2304 round=6 variant=q6-fused n=3072 nc=2304 reps=31 median_us=381.524000 gops=37.103239 checksum=-7944.5320846 samples_us=378.275000,378.713000,379.268000,379.827000,380.017000,380.052000,380.263000,380.303000,380.386000,380.404000,380.491000,380.639000,380.829000,381.099000,381.119000,381.524000,381.587000,382.363000,382.688000,382.844000,383.047000,383.269000,383.654000,383.791000,383.931000,384.050000,384.062000,384.542000,384.774000,386.030000,386.540000,
shape=3072,2304 round=7 variant=baseline n=3072 nc=2304 reps=31 median_us=412.634000 gops=34.305889 checksum=-7944.5326308 samples_us=409.603000,409.657000,409.767000,409.833000,409.927000,410.060000,410.214000,410.284000,411.056000,411.522000,411.704000,411.723000,411.924000,412.308000,412.594000,412.634000,413.078000,413.404000,413.605000,413.658000,413.785000,414.396000,414.667000,414.975000,415.078000,415.101000,415.108000,415.165000,416.072000,416.980000,417.664000,
shape=3072,2304 round=7 variant=q6-fused n=3072 nc=2304 reps=31 median_us=382.686000 gops=36.990577 checksum=-7944.5320846 samples_us=378.896000,379.003000,379.015000,380.019000,380.316000,380.593000,380.980000,381.027000,381.062000,381.146000,381.179000,381.676000,381.827000,382.192000,382.351000,382.686000,382.903000,383.011000,383.108000,383.144000,383.291000,383.589000,383.592000,383.686000,384.353000,384.497000,385.042000,385.140000,386.021000,387.837000,389.039000,
shape=3072,2304 round=8 variant=baseline n=3072 nc=2304 reps=31 median_us=413.300000 gops=34.250607 checksum=-7944.5326308 samples_us=410.242000,410.529000,410.820000,410.939000,411.138000,411.298000,411.564000,411.698000,411.747000,412.190000,412.499000,412.499000,412.773000,412.993000,413.043000,413.300000,413.410000,413.423000,413.742000,414.043000,414.089000,414.257000,415.215000,415.287000,415.383000,415.679000,415.937000,417.086000,417.357000,417.409000,424.429000,
shape=3072,2304 round=8 variant=q6-fused n=3072 nc=2304 reps=31 median_us=381.190000 gops=37.135749 checksum=-7944.5320846 samples_us=377.041000,377.495000,377.959000,378.398000,378.477000,378.744000,378.775000,378.849000,379.656000,379.801000,379.824000,380.496000,380.501000,380.597000,380.984000,381.190000,381.394000,381.405000,381.455000,381.476000,381.487000,381.533000,381.659000,381.686000,382.293000,382.367000,383.232000,383.467000,383.955000,384.880000,385.246000,
shape=3072,2304 round=9 variant=baseline n=3072 nc=2304 reps=31 median_us=412.870000 gops=34.286279 checksum=-7944.5326308 samples_us=408.936000,409.455000,410.279000,410.334000,410.372000,410.448000,410.638000,410.781000,410.973000,411.013000,411.177000,411.187000,412.045000,412.454000,412.523000,412.870000,412.918000,413.020000,413.041000,413.163000,413.343000,413.445000,413.671000,413.700000,413.766000,414.075000,414.770000,415.465000,416.059000,416.761000,417.282000,
shape=3072,2304 round=9 variant=q6-fused n=3072 nc=2304 reps=31 median_us=381.462000 gops=37.109269 checksum=-7944.5320846 samples_us=377.528000,378.437000,378.625000,378.807000,378.841000,378.921000,379.233000,379.273000,380.507000,380.556000,380.827000,380.881000,380.990000,381.094000,381.364000,381.462000,382.033000,382.215000,382.340000,382.394000,382.546000,382.630000,383.160000,383.596000,383.970000,384.389000,384.523000,385.427000,386.484000,386.625000,386.768000,
shape=3072,2304 round=10 variant=baseline n=3072 nc=2304 reps=31 median_us=412.830000 gops=34.289601 checksum=-7944.5326308 samples_us=409.490000,409.704000,409.858000,409.892000,410.035000,410.106000,410.162000,410.270000,410.943000,411.405000,411.718000,412.160000,412.467000,412.549000,412.563000,412.830000,412.982000,413.094000,413.104000,413.154000,413.571000,413.782000,413.849000,413.883000,414.178000,414.736000,414.853000,415.938000,416.305000,418.119000,435.775000,
shape=3072,2304 round=10 variant=q6-fused n=3072 nc=2304 reps=31 median_us=381.317000 gops=37.123380 checksum=-7944.5320846 samples_us=377.784000,377.860000,378.723000,379.000000,379.340000,379.508000,379.596000,379.689000,379.763000,380.464000,380.768000,380.863000,380.904000,381.212000,381.271000,381.317000,381.457000,382.086000,382.291000,382.820000,382.982000,382.985000,383.029000,383.047000,383.428000,383.540000,383.943000,385.057000,385.093000,385.384000,390.483000,
shape=3072,2304 round=11 variant=baseline n=3072 nc=2304 reps=31 median_us=412.584000 gops=34.310046 checksum=-7944.5326308 samples_us=409.397000,409.661000,410.096000,410.353000,410.798000,410.879000,410.935000,410.940000,411.144000,411.297000,411.724000,412.178000,412.258000,412.409000,412.493000,412.584000,412.646000,412.949000,413.084000,413.185000,413.442000,414.013000,414.107000,414.225000,414.364000,414.629000,415.156000,415.369000,417.185000,419.479000,426.241000,
shape=3072,2304 round=11 variant=q6-fused n=3072 nc=2304 reps=31 median_us=380.803000 gops=37.173489 checksum=-7944.5320846 samples_us=378.136000,378.242000,378.253000,378.578000,378.616000,378.683000,378.723000,378.847000,379.423000,379.542000,379.866000,379.898000,380.498000,380.510000,380.753000,380.803000,381.375000,381.844000,381.913000,382.578000,382.831000,383.512000,383.658000,383.706000,383.764000,383.777000,383.921000,384.305000,384.940000,385.944000,391.257000,
shape=9216,768 round=1 variant=baseline n=9216 nc=768 reps=31 median_us=412.518000 gops=34.315535 checksum=-7431.93078804 samples_us=409.229000,409.473000,409.490000,409.797000,409.820000,409.855000,409.995000,410.038000,410.324000,410.544000,411.207000,411.492000,411.802000,411.816000,412.055000,412.518000,412.705000,412.740000,412.978000,413.030000,413.792000,413.845000,414.048000,414.309000,414.431000,415.151000,415.259000,415.602000,415.615000,416.928000,417.884000,
shape=9216,768 round=1 variant=q6-fused n=9216 nc=768 reps=31 median_us=381.116000 gops=37.142959 checksum=-7431.93039769 samples_us=377.675000,378.004000,378.016000,378.125000,378.794000,378.813000,379.278000,379.389000,379.844000,379.855000,380.011000,380.149000,380.253000,380.715000,380.971000,381.116000,381.370000,381.395000,381.954000,381.985000,381.993000,382.135000,382.170000,382.390000,382.706000,383.432000,383.550000,383.752000,384.164000,385.368000,392.018000,
shape=9216,768 round=2 variant=baseline n=9216 nc=768 reps=31 median_us=412.475000 gops=34.319113 checksum=-7431.93078804 samples_us=409.537000,409.562000,410.452000,410.672000,410.749000,411.056000,411.283000,411.362000,411.435000,411.528000,411.806000,411.914000,412.149000,412.253000,412.369000,412.475000,412.660000,412.713000,412.944000,413.053000,413.400000,413.707000,414.007000,414.974000,415.088000,415.287000,415.339000,415.451000,416.656000,418.217000,422.329000,
shape=9216,768 round=2 variant=q6-fused n=9216 nc=768 reps=31 median_us=383.535000 gops=36.908694 checksum=-7431.93039769 samples_us=379.860000,380.030000,380.427000,380.495000,380.570000,381.344000,381.694000,381.745000,382.074000,382.196000,382.466000,382.494000,382.574000,383.135000,383.514000,383.535000,383.623000,384.060000,384.234000,384.418000,384.805000,384.907000,385.354000,385.988000,386.783000,386.880000,386.885000,387.045000,387.254000,387.943000,388.006000,
shape=9216,768 round=3 variant=baseline n=9216 nc=768 reps=31 median_us=414.154000 gops=34.179981 checksum=-7431.93078804 samples_us=410.385000,410.814000,410.924000,411.388000,411.542000,411.889000,411.925000,412.598000,412.703000,413.160000,413.342000,413.537000,413.565000,413.809000,414.093000,414.154000,414.359000,414.389000,415.104000,415.348000,415.561000,415.654000,416.128000,416.214000,416.547000,416.853000,417.334000,418.572000,419.251000,420.065000,429.229000,
shape=9216,768 round=3 variant=q6-fused n=9216 nc=768 reps=31 median_us=380.784000 gops=37.175344 checksum=-7431.93039769 samples_us=378.369000,378.517000,378.623000,378.634000,378.650000,378.706000,378.757000,379.044000,379.153000,379.349000,379.355000,379.688000,380.179000,380.269000,380.353000,380.784000,381.064000,381.107000,381.170000,381.185000,381.459000,381.484000,381.812000,381.857000,381.874000,382.389000,382.865000,384.598000,384.668000,384.755000,388.279000,
shape=9216,768 round=4 variant=baseline n=9216 nc=768 reps=31 median_us=411.789000 gops=34.376285 checksum=-7431.93078804 samples_us=408.748000,409.137000,409.346000,409.391000,409.429000,409.474000,409.490000,409.515000,409.877000,410.184000,410.219000,410.701000,411.429000,411.572000,411.674000,411.789000,412.057000,412.185000,412.241000,412.316000,412.425000,412.868000,412.907000,413.092000,413.313000,413.413000,414.122000,414.259000,414.578000,414.661000,414.818000,
shape=9216,768 round=4 variant=q6-fused n=9216 nc=768 reps=31 median_us=381.630000 gops=37.092933 checksum=-7431.93039769 samples_us=378.650000,378.699000,378.702000,378.867000,378.896000,379.186000,379.475000,380.094000,380.144000,380.314000,380.664000,380.837000,380.993000,381.210000,381.509000,381.630000,381.718000,382.167000,382.435000,382.710000,382.846000,382.875000,383.154000,383.592000,383.636000,383.880000,383.966000,385.015000,386.074000,387.009000,401.755000,
shape=9216,768 round=5 variant=baseline n=9216 nc=768 reps=31 median_us=416.165000 gops=34.014816 checksum=-7431.93078804 samples_us=413.024000,413.200000,413.299000,413.398000,413.414000,413.545000,413.786000,413.831000,414.398000,415.013000,415.320000,415.591000,415.882000,416.031000,416.103000,416.165000,416.180000,416.288000,416.416000,416.763000,417.166000,417.523000,417.668000,418.580000,418.676000,418.944000,418.969000,419.522000,421.439000,423.219000,459.358000,
shape=9216,768 round=5 variant=q6-fused n=9216 nc=768 reps=31 median_us=381.931000 gops=37.063700 checksum=-7431.93039769 samples_us=378.872000,379.129000,379.860000,379.993000,380.463000,380.463000,380.566000,380.588000,380.792000,380.888000,381.019000,381.129000,381.463000,381.541000,381.620000,381.931000,382.141000,382.561000,383.505000,383.861000,384.431000,384.466000,384.704000,384.763000,384.867000,385.016000,385.039000,387.347000,387.835000,389.218000,393.749000,
shape=9216,768 round=6 variant=baseline n=9216 nc=768 reps=31 median_us=413.232000 gops=34.256243 checksum=-7431.93078804 samples_us=410.161000,410.722000,410.781000,410.834000,410.876000,410.914000,410.951000,410.983000,411.155000,411.274000,412.359000,412.385000,412.523000,412.656000,412.983000,413.232000,413.241000,413.328000,413.338000,413.407000,413.453000,413.456000,413.559000,413.728000,413.802000,413.909000,415.137000,415.897000,415.941000,416.841000,443.791000,
shape=9216,768 round=6 variant=q6-fused n=9216 nc=768 reps=31 median_us=380.540000 gops=37.199180 checksum=-7431.93039769 samples_us=377.628000,377.646000,377.785000,378.295000,378.391000,378.735000,378.951000,378.974000,379.001000,379.099000,379.899000,380.111000,380.326000,380.334000,380.514000,380.540000,381.284000,381.286000,381.332000,381.384000,381.439000,381.473000,381.478000,381.579000,382.454000,382.599000,382.666000,383.059000,383.943000,384.115000,384.562000,
shape=9216,768 round=7 variant=baseline n=9216 nc=768 reps=31 median_us=412.187000 gops=34.343092 checksum=-7431.93078804 samples_us=409.046000,409.553000,409.733000,409.764000,409.858000,409.933000,410.008000,410.127000,410.313000,410.325000,410.605000,411.446000,411.689000,411.970000,412.132000,412.187000,412.199000,412.306000,412.413000,412.620000,412.717000,412.769000,413.300000,413.542000,414.389000,414.494000,414.670000,414.679000,415.353000,415.518000,415.967000,
shape=9216,768 round=7 variant=q6-fused n=9216 nc=768 reps=31 median_us=380.826000 gops=37.171244 checksum=-7431.93039769 samples_us=378.038000,378.142000,378.310000,378.316000,378.410000,378.517000,378.939000,379.029000,379.045000,379.383000,379.791000,380.014000,380.621000,380.661000,380.749000,380.826000,380.839000,381.731000,381.778000,381.997000,382.132000,382.139000,382.210000,382.227000,382.750000,382.874000,382.875000,383.743000,383.789000,385.192000,393.403000,
shape=9216,768 round=8 variant=baseline n=9216 nc=768 reps=31 median_us=412.512000 gops=34.316034 checksum=-7431.93078804 samples_us=409.728000,409.819000,409.935000,409.958000,410.067000,410.069000,410.135000,410.420000,410.634000,411.212000,411.432000,412.044000,412.193000,412.284000,412.319000,412.512000,412.617000,412.926000,413.096000,413.177000,413.564000,413.592000,413.674000,413.695000,413.817000,414.147000,414.232000,415.381000,415.920000,417.065000,417.615000,
shape=9216,768 round=8 variant=q6-fused n=9216 nc=768 reps=31 median_us=381.112000 gops=37.143349 checksum=-7431.93039769 samples_us=378.288000,378.367000,378.855000,378.891000,378.939000,379.089000,379.100000,379.158000,379.170000,379.213000,379.462000,379.795000,380.468000,380.760000,380.825000,381.112000,381.186000,381.234000,381.416000,381.571000,381.876000,382.128000,382.254000,382.350000,382.507000,383.361000,384.736000,384.789000,384.974000,384.981000,385.428000,
shape=9216,768 round=9 variant=baseline n=9216 nc=768 reps=31 median_us=412.127000 gops=34.348092 checksum=-7431.93078804 samples_us=409.666000,409.750000,409.933000,410.003000,410.144000,410.156000,410.186000,410.324000,410.383000,410.619000,411.360000,411.750000,411.783000,411.803000,412.023000,412.127000,412.428000,412.658000,412.855000,412.930000,412.990000,413.209000,413.380000,413.983000,414.438000,414.528000,414.885000,415.209000,415.482000,416.402000,416.577000,
shape=9216,768 round=9 variant=q6-fused n=9216 nc=768 reps=31 median_us=379.683000 gops=37.283144 checksum=-7431.93039769 samples_us=377.388000,377.472000,377.966000,377.968000,378.024000,378.445000,378.453000,378.549000,378.679000,378.681000,378.769000,378.969000,379.034000,379.433000,379.617000,379.683000,380.542000,380.628000,381.112000,381.144000,381.685000,382.032000,382.104000,382.196000,383.314000,383.514000,383.577000,383.816000,383.822000,384.011000,384.082000,
shape=9216,768 round=10 variant=baseline n=9216 nc=768 reps=31 median_us=412.362000 gops=34.328517 checksum=-7431.93078804 samples_us=409.164000,409.253000,409.288000,409.311000,409.608000,409.659000,410.060000,410.183000,410.284000,410.381000,410.458000,411.363000,411.421000,411.600000,412.199000,412.362000,412.389000,412.540000,412.735000,412.915000,413.009000,413.154000,413.856000,413.859000,414.429000,415.164000,415.285000,415.396000,415.757000,418.000000,423.083000,
shape=9216,768 round=10 variant=q6-fused n=9216 nc=768 reps=31 median_us=381.135000 gops=37.141107 checksum=-7431.93039769 samples_us=378.061000,378.437000,378.815000,378.834000,378.881000,379.080000,379.396000,379.499000,379.624000,379.957000,379.966000,380.068000,380.340000,380.572000,381.091000,381.135000,381.433000,381.636000,381.778000,382.592000,382.652000,382.715000,382.832000,382.975000,383.033000,383.279000,383.310000,383.831000,384.285000,385.274000,386.154000,
shape=9216,768 round=11 variant=baseline n=9216 nc=768 reps=31 median_us=411.776000 gops=34.377370 checksum=-7431.93078804 samples_us=409.053000,409.080000,409.320000,409.524000,409.571000,409.783000,409.905000,409.969000,410.015000,410.113000,410.397000,410.421000,410.566000,410.830000,411.496000,411.776000,411.863000,411.956000,412.094000,412.294000,412.424000,412.859000,413.133000,413.355000,413.926000,414.318000,414.424000,414.803000,415.407000,416.200000,422.380000,
shape=9216,768 round=11 variant=q6-fused n=9216 nc=768 reps=31 median_us=380.205000 gops=37.231956 checksum=-7431.93039769 samples_us=377.259000,377.311000,377.663000,377.795000,377.930000,378.095000,378.205000,378.292000,378.389000,378.433000,378.820000,379.533000,379.932000,379.985000,380.145000,380.205000,380.379000,380.619000,380.745000,380.863000,380.896000,380.918000,381.023000,381.299000,381.416000,381.821000,382.033000,382.132000,382.302000,383.489000,383.655000,
shape=3072,9216 round=1 variant=baseline n=3072 nc=9216 reps=31 median_us=1692.910000 gops=33.447203 checksum=-4122.6180172 samples_us=1645.754000,1646.701000,1647.468000,1650.038000,1650.275000,1652.072000,1652.894000,1652.939000,1656.688000,1657.107000,1662.442000,1668.180000,1679.636000,1681.018000,1682.969000,1692.910000,1693.885000,1694.994000,1695.844000,1696.341000,1696.422000,1696.813000,1697.410000,1703.371000,1703.506000,1718.626000,1721.327000,1748.834000,1758.029000,1762.778000,1791.356000,
shape=3072,9216 round=1 variant=q6-fused n=3072 nc=9216 reps=31 median_us=1672.742000 gops=33.850471 checksum=-4122.61694519 samples_us=1546.074000,1546.633000,1592.138000,1597.845000,1608.460000,1618.608000,1625.440000,1632.077000,1634.900000,1654.023000,1656.206000,1658.534000,1664.797000,1665.681000,1670.457000,1672.742000,1673.384000,1676.932000,1686.339000,1688.941000,1691.261000,1702.015000,1703.741000,1706.821000,1717.490000,1724.502000,1737.659000,1756.934000,1796.311000,1803.233000,1827.980000,
shape=3072,9216 round=2 variant=baseline n=3072 nc=9216 reps=31 median_us=1753.220000 gops=32.296634 checksum=-4122.6180172 samples_us=1642.402000,1643.160000,1644.774000,1644.857000,1645.025000,1647.836000,1649.214000,1650.058000,1652.342000,1660.389000,1661.258000,1662.041000,1665.977000,1666.976000,1668.589000,1753.220000,1764.266000,1772.400000,1773.649000,1776.301000,1777.754000,1782.802000,1783.640000,1789.309000,1797.105000,1810.613000,1812.535000,1841.945000,1859.140000,1882.615000,1885.308000,
shape=3072,9216 round=2 variant=q6-fused n=3072 nc=9216 reps=31 median_us=1547.156000 gops=36.598187 checksum=-4122.61694519 samples_us=1521.382000,1522.626000,1522.825000,1522.827000,1526.578000,1526.617000,1527.816000,1529.769000,1529.950000,1532.390000,1532.672000,1533.084000,1535.566000,1537.839000,1542.573000,1547.156000,1547.810000,1549.109000,1550.474000,1556.248000,1564.445000,1564.959000,1576.395000,1585.506000,1585.850000,1587.282000,1589.531000,1591.351000,1594.233000,1611.044000,1778.797000,
shape=3072,9216 round=3 variant=baseline n=3072 nc=9216 reps=31 median_us=1742.917000 gops=32.487550 checksum=-4122.6180172 samples_us=1668.397000,1674.282000,1674.376000,1678.765000,1679.888000,1692.605000,1692.804000,1693.671000,1699.056000,1701.034000,1716.481000,1717.556000,1725.601000,1727.015000,1735.662000,1742.917000,1777.811000,1783.044000,1798.145000,1802.842000,1804.967000,1819.319000,1819.432000,1825.189000,1828.689000,1832.148000,1838.844000,1841.534000,1888.255000,1902.358000,1920.426000,
shape=3072,9216 round=3 variant=q6-fused n=3072 nc=9216 reps=31 median_us=1581.810000 gops=35.796400 checksum=-4122.61694519 samples_us=1533.235000,1533.612000,1538.701000,1539.553000,1548.481000,1560.688000,1568.062000,1568.632000,1571.817000,1574.523000,1576.756000,1579.804000,1580.178000,1580.368000,1581.031000,1581.810000,1582.782000,1586.714000,1588.512000,1598.827000,1602.025000,1603.763000,1607.268000,1607.333000,1609.016000,1611.467000,1614.883000,1619.608000,1630.505000,1634.819000,1693.278000,
shape=3072,9216 round=4 variant=baseline n=3072 nc=9216 reps=31 median_us=1660.205000 gops=34.106092 checksum=-4122.6180172 samples_us=1644.134000,1646.658000,1647.653000,1649.054000,1649.104000,1649.414000,1650.142000,1650.664000,1651.550000,1652.260000,1653.320000,1655.206000,1655.230000,1657.687000,1658.002000,1660.205000,1663.981000,1665.057000,1672.826000,1675.552000,1680.730000,1683.002000,1684.337000,1703.197000,1705.781000,1720.462000,1721.500000,1727.282000,1765.395000,1782.804000,1823.894000,
shape=3072,9216 round=4 variant=q6-fused n=3072 nc=9216 reps=31 median_us=1637.990000 gops=34.568651 checksum=-4122.61694519 samples_us=1525.562000,1530.738000,1532.231000,1537.270000,1537.589000,1541.101000,1546.157000,1546.304000,1555.097000,1580.712000,1601.740000,1605.487000,1620.717000,1624.783000,1625.277000,1637.990000,1641.165000,1642.268000,1648.380000,1649.069000,1649.845000,1651.099000,1651.561000,1652.002000,1656.854000,1661.525000,1661.780000,1671.368000,1673.803000,1691.013000,1730.650000,
shape=3072,9216 round=5 variant=baseline n=3072 nc=9216 reps=31 median_us=1717.834000 gops=32.961918 checksum=-4122.6180172 samples_us=1657.522000,1657.940000,1663.608000,1663.632000,1664.797000,1675.608000,1684.138000,1695.313000,1700.006000,1705.655000,1706.860000,1706.916000,1708.847000,1716.546000,1717.181000,1717.834000,1722.302000,1723.486000,1723.792000,1724.443000,1725.301000,1725.573000,1725.804000,1726.273000,1729.981000,1730.891000,1731.156000,1731.316000,1732.596000,1750.061000,1852.520000,
shape=3072,9216 round=5 variant=q6-fused n=3072 nc=9216 reps=31 median_us=1564.891000 gops=36.183417 checksum=-4122.61694519 samples_us=1518.599000,1524.148000,1525.077000,1526.392000,1526.804000,1537.305000,1538.878000,1540.908000,1544.794000,1546.724000,1552.017000,1553.313000,1557.495000,1558.105000,1558.413000,1564.891000,1569.653000,1572.222000,1573.733000,1574.857000,1576.747000,1587.662000,1590.379000,1591.168000,1591.922000,1592.655000,1599.346000,1602.018000,1604.805000,1607.032000,1697.933000,
shape=3072,9216 round=6 variant=baseline n=3072 nc=9216 reps=31 median_us=1695.205000 gops=33.401921 checksum=-4122.6180172 samples_us=1649.554000,1649.570000,1660.178000,1668.751000,1669.431000,1672.392000,1674.260000,1675.696000,1677.264000,1678.537000,1679.007000,1679.065000,1679.840000,1682.311000,1689.991000,1695.205000,1698.755000,1736.325000,1737.800000,1738.925000,1749.729000,1750.261000,1750.267000,1751.324000,1752.434000,1755.728000,1757.661000,1761.512000,1763.265000,1763.847000,1872.469000,
shape=3072,9216 round=6 variant=q6-fused n=3072 nc=9216 reps=31 median_us=1543.662000 gops=36.681025 checksum=-4122.61694519 samples_us=1520.423000,1521.445000,1522.553000,1523.152000,1523.350000,1524.615000,1525.095000,1527.846000,1530.290000,1533.130000,1534.860000,1535.334000,1535.335000,1535.961000,1542.432000,1543.662000,1546.845000,1549.499000,1551.142000,1551.591000,1552.050000,1552.126000,1552.754000,1555.008000,1557.317000,1562.350000,1564.509000,1573.545000,1574.274000,1585.019000,1680.506000,
shape=3072,9216 round=7 variant=baseline n=3072 nc=9216 reps=31 median_us=1659.218000 gops=34.126380 checksum=-4122.6180172 samples_us=1640.028000,1640.470000,1643.817000,1643.834000,1644.009000,1644.940000,1645.314000,1645.420000,1647.258000,1649.028000,1649.447000,1650.743000,1655.777000,1655.855000,1658.586000,1659.218000,1661.972000,1662.007000,1662.031000,1663.918000,1664.085000,1665.606000,1666.326000,1668.739000,1669.000000,1669.561000,1672.338000,1673.605000,1673.995000,1680.508000,1767.261000,
shape=3072,9216 round=7 variant=q6-fused n=3072 nc=9216 reps=31 median_us=1592.799000 gops=35.549435 checksum=-4122.61694519 samples_us=1518.972000,1529.918000,1530.111000,1536.161000,1538.946000,1539.925000,1554.979000,1557.364000,1560.211000,1562.441000,1565.919000,1582.421000,1585.089000,1590.036000,1590.674000,1592.799000,1593.214000,1596.895000,1599.995000,1601.191000,1603.498000,1603.869000,1609.006000,1610.207000,1610.578000,1610.887000,1612.387000,1648.737000,1654.307000,1679.549000,1712.334000,
shape=3072,9216 round=8 variant=baseline n=3072 nc=9216 reps=31 median_us=1685.098000 gops=33.602262 checksum=-4122.6180172 samples_us=1644.723000,1649.612000,1649.697000,1657.873000,1668.860000,1669.299000,1669.450000,1669.766000,1669.937000,1671.440000,1672.092000,1676.706000,1677.309000,1680.396000,1681.791000,1685.098000,1722.799000,1729.007000,1740.644000,1741.808000,1743.259000,1746.919000,1748.476000,1752.630000,1752.872000,1754.702000,1760.590000,1765.577000,1771.495000,1793.611000,1853.960000,
shape=3072,9216 round=8 variant=q6-fused n=3072 nc=9216 reps=31 median_us=1593.852000 gops=35.525948 checksum=-4122.61694519 samples_us=1525.048000,1527.274000,1531.078000,1559.950000,1560.816000,1563.134000,1564.068000,1572.779000,1573.419000,1582.973000,1587.440000,1589.387000,1590.713000,1592.794000,1593.410000,1593.852000,1595.126000,1595.405000,1597.052000,1598.113000,1600.513000,1600.975000,1602.989000,1603.969000,1605.680000,1610.777000,1611.841000,1613.155000,1626.733000,1635.116000,1669.910000,
shape=3072,9216 round=9 variant=baseline n=3072 nc=9216 reps=31 median_us=1688.510000 gops=33.534361 checksum=-4122.6180172 samples_us=1647.685000,1649.186000,1651.979000,1652.113000,1657.562000,1658.692000,1660.698000,1660.902000,1661.038000,1661.528000,1671.655000,1673.370000,1674.740000,1677.796000,1682.451000,1688.510000,1697.106000,1701.135000,1704.237000,1705.719000,1715.320000,1717.600000,1717.639000,1745.352000,1750.663000,1754.446000,1754.707000,1754.832000,1758.915000,1764.199000,1770.505000,
shape=3072,9216 round=9 variant=q6-fused n=3072 nc=9216 reps=31 median_us=1553.662000 gops=36.444931 checksum=-4122.61694519 samples_us=1518.187000,1523.620000,1526.409000,1529.583000,1531.394000,1534.141000,1534.647000,1539.374000,1540.408000,1542.701000,1547.001000,1547.439000,1547.516000,1551.394000,1552.634000,1553.662000,1554.739000,1555.074000,1555.257000,1557.167000,1557.347000,1557.623000,1557.796000,1559.231000,1561.306000,1562.988000,1569.252000,1579.537000,1581.207000,1581.211000,1608.392000,
shape=3072,9216 round=10 variant=baseline n=3072 nc=9216 reps=31 median_us=1666.061000 gops=33.986213 checksum=-4122.6180172 samples_us=1648.433000,1650.594000,1651.300000,1651.492000,1651.898000,1656.224000,1656.826000,1659.709000,1660.969000,1661.553000,1661.728000,1661.797000,1662.960000,1663.928000,1665.871000,1666.061000,1666.768000,1669.507000,1670.283000,1671.821000,1673.953000,1676.040000,1676.562000,1677.400000,1678.149000,1678.402000,1680.300000,1680.616000,1681.607000,1702.599000,1771.941000,
shape=3072,9216 round=10 variant=q6-fused n=3072 nc=9216 reps=31 median_us=1621.332000 gops=34.923818 checksum=-4122.61694519 samples_us=1540.836000,1548.416000,1556.335000,1560.605000,1570.866000,1573.170000,1575.861000,1577.651000,1579.357000,1581.419000,1585.341000,1588.633000,1597.028000,1610.647000,1619.005000,1621.332000,1624.161000,1626.438000,1632.419000,1633.579000,1636.897000,1637.169000,1638.134000,1640.180000,1640.941000,1646.500000,1647.965000,1656.504000,1658.521000,1659.718000,1758.215000,
shape=3072,9216 round=11 variant=baseline n=3072 nc=9216 reps=31 median_us=1767.706000 gops=32.031969 checksum=-4122.6180172 samples_us=1657.496000,1669.896000,1690.882000,1695.486000,1695.801000,1697.294000,1701.191000,1702.956000,1702.967000,1704.935000,1714.791000,1750.147000,1761.065000,1761.863000,1766.175000,1767.706000,1771.129000,1779.026000,1781.804000,1782.398000,1792.532000,1793.460000,1795.724000,1799.346000,1806.904000,1808.172000,1812.039000,1836.080000,1855.112000,1878.434000,1922.660000,
shape=3072,9216 round=11 variant=q6-fused n=3072 nc=9216 reps=31 median_us=1586.222000 gops=35.696834 checksum=-4122.61694519 samples_us=1520.843000,1524.886000,1528.504000,1533.071000,1547.063000,1549.723000,1553.905000,1556.903000,1561.505000,1575.024000,1576.748000,1580.666000,1583.204000,1585.444000,1585.673000,1586.222000,1591.898000,1594.261000,1610.282000,1621.368000,1622.178000,1628.203000,1635.554000,1641.034000,1646.434000,1646.807000,1646.867000,1656.837000,1661.086000,1699.145000,1774.620000,
shape=9216,3072 round=1 variant=baseline n=9216 nc=3072 reps=31 median_us=1767.977000 gops=32.027059 checksum=8996.61068788 samples_us=1648.422000,1655.384000,1665.326000,1675.274000,1706.775000,1708.189000,1708.972000,1721.581000,1728.816000,1740.397000,1742.014000,1743.262000,1746.255000,1758.373000,1765.567000,1767.977000,1776.758000,1784.492000,1797.299000,1800.363000,1803.579000,1804.903000,1806.486000,1808.605000,1810.103000,1814.018000,1818.721000,1824.725000,1856.419000,1871.011000,1927.416000,
shape=9216,3072 round=1 variant=q6-fused n=9216 nc=3072 reps=31 median_us=1585.427000 gops=35.714734 checksum=8996.61405242 samples_us=1527.179000,1541.533000,1545.690000,1549.371000,1550.127000,1554.240000,1557.936000,1558.301000,1561.086000,1570.624000,1571.964000,1572.827000,1572.831000,1574.835000,1576.353000,1585.427000,1592.891000,1593.432000,1607.549000,1609.915000,1611.129000,1613.232000,1628.512000,1640.203000,1656.021000,1659.618000,1669.153000,1675.458000,1680.792000,1681.401000,1685.195000,
shape=9216,3072 round=2 variant=baseline n=9216 nc=3072 reps=31 median_us=1749.606000 gops=32.363346 checksum=8996.61068788 samples_us=1648.453000,1653.716000,1657.033000,1658.204000,1664.544000,1665.274000,1675.418000,1682.227000,1682.856000,1686.177000,1710.503000,1724.406000,1738.092000,1741.998000,1745.795000,1749.606000,1752.552000,1756.979000,1757.371000,1766.085000,1775.070000,1775.115000,1779.366000,1781.217000,1781.968000,1792.877000,1796.710000,1805.476000,1807.876000,1817.990000,1911.372000,
shape=9216,3072 round=2 variant=q6-fused n=9216 nc=3072 reps=31 median_us=1689.422000 gops=33.516258 checksum=8996.61405242 samples_us=1562.400000,1565.794000,1568.579000,1571.366000,1577.448000,1580.913000,1587.690000,1598.004000,1601.103000,1605.813000,1609.701000,1652.042000,1652.168000,1654.060000,1661.235000,1689.422000,1697.499000,1705.822000,1705.910000,1706.498000,1707.734000,1730.385000,1730.816000,1736.038000,1737.233000,1738.099000,1739.668000,1746.025000,1780.046000,1798.574000,1800.765000,
shape=9216,3072 round=3 variant=baseline n=9216 nc=3072 reps=31 median_us=1831.788000 gops=30.911385 checksum=8996.61068788 samples_us=1646.202000,1653.902000,1668.318000,1703.480000,1715.222000,1724.608000,1726.834000,1729.306000,1735.567000,1795.984000,1811.060000,1812.058000,1813.495000,1815.903000,1829.946000,1831.788000,1852.971000,1859.539000,1862.273000,1872.984000,1882.518000,1885.624000,1896.687000,1902.138000,1912.675000,1913.700000,1924.796000,1935.531000,1953.590000,1954.395000,1962.259000,
shape=9216,3072 round=3 variant=q6-fused n=9216 nc=3072 reps=31 median_us=1576.326000 gops=35.920935 checksum=8996.61405242 samples_us=1522.616000,1523.310000,1524.534000,1526.511000,1526.566000,1527.907000,1528.475000,1528.780000,1531.979000,1532.483000,1536.795000,1539.592000,1564.128000,1572.286000,1575.410000,1576.326000,1576.382000,1595.333000,1611.599000,1616.663000,1623.031000,1628.645000,1647.936000,1650.763000,1660.882000,1682.468000,1708.887000,1713.631000,1717.677000,1729.948000,1793.639000,
shape=9216,3072 round=4 variant=baseline n=9216 nc=3072 reps=31 median_us=1688.814000 gops=33.528325 checksum=8996.61068788 samples_us=1645.054000,1647.415000,1647.757000,1660.657000,1663.141000,1665.033000,1668.898000,1668.902000,1670.350000,1672.162000,1676.252000,1680.075000,1682.762000,1686.808000,1688.433000,1688.814000,1688.908000,1690.530000,1694.091000,1694.790000,1697.951000,1701.398000,1701.669000,1707.031000,1707.199000,1709.817000,1711.055000,1711.530000,1717.195000,1728.540000,1903.250000,
shape=9216,3072 round=4 variant=q6-fused n=9216 nc=3072 reps=31 median_us=1541.143000 gops=36.740980 checksum=8996.61405242 samples_us=1520.131000,1523.275000,1525.132000,1528.735000,1529.876000,1530.749000,1530.948000,1531.318000,1532.047000,1532.312000,1533.162000,1533.554000,1536.633000,1537.185000,1539.347000,1541.143000,1542.023000,1545.880000,1549.390000,1554.248000,1557.141000,1557.711000,1557.888000,1560.813000,1561.710000,1561.769000,1563.490000,1565.987000,1566.071000,1570.473000,1628.580000,
shape=9216,3072 round=5 variant=baseline n=9216 nc=3072 reps=31 median_us=1696.290000 gops=33.380556 checksum=8996.61068788 samples_us=1656.722000,1665.784000,1668.229000,1668.598000,1669.754000,1670.529000,1670.991000,1671.670000,1671.839000,1673.733000,1675.093000,1677.223000,1687.153000,1687.397000,1688.636000,1696.290000,1698.079000,1699.442000,1701.117000,1702.890000,1703.619000,1711.815000,1720.178000,1720.692000,1730.056000,1733.415000,1734.279000,1736.300000,1736.400000,1768.171000,1892.094000,
shape=9216,3072 round=5 variant=q6-fused n=9216 nc=3072 reps=31 median_us=1609.048000 gops=35.190438 checksum=8996.61405242 samples_us=1534.517000,1538.342000,1551.898000,1553.110000,1555.061000,1556.305000,1578.022000,1586.506000,1587.444000,1587.496000,1587.587000,1590.644000,1596.022000,1601.347000,1608.074000,1609.048000,1641.251000,1641.429000,1651.141000,1653.418000,1655.044000,1656.425000,1657.279000,1659.456000,1660.482000,1666.085000,1668.387000,1669.700000,1672.343000,1682.547000,1719.680000,
shape=9216,3072 round=6 variant=baseline n=9216 nc=3072 reps=31 median_us=1673.745000 gops=33.830186 checksum=8996.61068788 samples_us=1642.823000,1646.741000,1647.291000,1647.412000,1647.751000,1648.033000,1649.610000,1650.950000,1651.079000,1653.254000,1653.277000,1660.422000,1660.587000,1671.622000,1672.469000,1673.745000,1687.938000,1693.057000,1695.146000,1696.864000,1704.411000,1715.256000,1723.917000,1728.501000,1735.881000,1736.245000,1744.470000,1746.562000,1762.667000,1798.546000,1868.038000,
shape=9216,3072 round=6 variant=q6-fused n=9216 nc=3072 reps=31 median_us=1580.592000 gops=35.823985 checksum=8996.61405242 samples_us=1522.749000,1522.854000,1523.835000,1527.020000,1527.709000,1527.831000,1529.667000,1533.967000,1539.036000,1540.147000,1541.610000,1544.280000,1549.969000,1555.031000,1580.087000,1580.592000,1587.416000,1589.824000,1590.930000,1591.481000,1593.017000,1593.573000,1595.605000,1597.521000,1597.671000,1597.711000,1599.184000,1601.799000,1602.383000,1623.777000,1646.403000,
shape=9216,3072 round=7 variant=baseline n=9216 nc=3072 reps=31 median_us=1678.034000 gops=33.743717 checksum=8996.61068788 samples_us=1649.770000,1651.398000,1653.594000,1655.897000,1658.780000,1659.820000,1663.849000,1665.438000,1668.398000,1668.478000,1670.027000,1670.360000,1673.223000,1674.603000,1674.836000,1678.034000,1680.155000,1681.782000,1685.040000,1685.770000,1690.340000,1690.948000,1692.796000,1694.823000,1695.722000,1696.701000,1699.224000,1701.874000,1712.518000,1719.872000,1827.779000,
shape=9216,3072 round=7 variant=q6-fused n=9216 nc=3072 reps=31 median_us=1535.587000 gops=36.873915 checksum=8996.61405242 samples_us=1517.318000,1518.495000,1521.772000,1522.598000,1524.523000,1526.117000,1528.942000,1529.202000,1531.244000,1531.329000,1532.518000,1532.578000,1532.782000,1533.371000,1534.352000,1535.587000,1536.499000,1537.368000,1538.494000,1541.632000,1541.769000,1546.017000,1546.357000,1551.366000,1560.463000,1560.961000,1567.137000,1569.032000,1572.938000,1586.179000,1697.711000,
shape=9216,3072 round=8 variant=baseline n=9216 nc=3072 reps=31 median_us=1706.575000 gops=33.179382 checksum=8996.61068788 samples_us=1647.683000,1647.768000,1686.334000,1686.787000,1686.966000,1687.489000,1691.234000,1692.480000,1694.510000,1695.169000,1699.721000,1700.747000,1701.285000,1705.674000,1706.030000,1706.575000,1707.059000,1707.205000,1707.498000,1707.571000,1707.689000,1708.381000,1708.518000,1709.266000,1710.037000,1710.085000,1711.475000,1713.189000,1713.569000,1718.531000,1856.950000,
shape=9216,3072 round=8 variant=q6-fused n=9216 nc=3072 reps=31 median_us=1544.545000 gops=36.660055 checksum=8996.61405242 samples_us=1519.974000,1525.086000,1525.797000,1525.905000,1527.285000,1529.081000,1529.388000,1532.385000,1533.547000,1533.697000,1534.936000,1536.992000,1539.348000,1544.057000,1544.316000,1544.545000,1550.613000,1553.075000,1553.696000,1556.214000,1572.865000,1574.865000,1589.467000,1607.877000,1612.054000,1616.540000,1617.352000,1619.687000,1621.739000,1628.873000,1734.425000,
shape=9216,3072 round=9 variant=baseline n=9216 nc=3072 reps=31 median_us=1720.088000 gops=32.918725 checksum=8996.61068788 samples_us=1638.357000,1641.935000,1644.228000,1644.850000,1646.063000,1647.656000,1648.162000,1659.585000,1666.688000,1667.763000,1676.016000,1689.132000,1707.828000,1713.872000,1717.711000,1720.088000,1723.488000,1724.745000,1724.955000,1727.134000,1728.655000,1730.169000,1731.779000,1735.689000,1741.187000,1745.281000,1751.251000,1754.305000,1758.937000,1767.458000,1821.898000,
shape=9216,3072 round=9 variant=q6-fused n=9216 nc=3072 reps=31 median_us=1537.086000 gops=36.837954 checksum=8996.61405242 samples_us=1521.224000,1523.199000,1523.692000,1524.011000,1524.162000,1524.246000,1526.523000,1526.783000,1527.756000,1528.438000,1530.780000,1531.695000,1532.003000,1535.470000,1535.876000,1537.086000,1540.435000,1542.290000,1543.734000,1543.809000,1544.702000,1547.969000,1548.665000,1549.589000,1552.068000,1553.948000,1556.520000,1558.991000,1568.064000,1580.031000,1737.518000,
shape=9216,3072 round=10 variant=baseline n=9216 nc=3072 reps=31 median_us=1696.690000 gops=33.372687 checksum=8996.61068788 samples_us=1643.799000,1647.051000,1647.142000,1648.333000,1648.435000,1650.505000,1652.255000,1653.292000,1657.486000,1662.914000,1669.757000,1672.170000,1673.315000,1679.305000,1696.629000,1696.690000,1705.115000,1706.560000,1706.656000,1706.815000,1707.941000,1709.266000,1710.940000,1710.960000,1711.552000,1715.863000,1715.896000,1717.446000,1718.260000,1722.636000,1867.315000,
shape=9216,3072 round=10 variant=q6-fused n=9216 nc=3072 reps=31 median_us=1568.677000 gops=36.096089 checksum=8996.61405242 samples_us=1525.463000,1528.732000,1530.814000,1535.003000,1535.640000,1543.883000,1553.498000,1557.541000,1559.090000,1561.592000,1562.294000,1565.135000,1566.770000,1567.219000,1567.295000,1568.677000,1569.234000,1570.850000,1571.218000,1573.160000,1574.216000,1574.878000,1576.528000,1576.660000,1577.293000,1577.482000,1577.854000,1586.759000,1597.229000,1619.909000,1711.838000,
shape=9216,3072 round=11 variant=baseline n=9216 nc=3072 reps=31 median_us=1658.709000 gops=34.136852 checksum=8996.61068788 samples_us=1642.714000,1644.926000,1647.755000,1648.129000,1648.777000,1649.685000,1650.100000,1650.237000,1652.664000,1653.796000,1654.981000,1655.311000,1656.379000,1656.476000,1656.508000,1658.709000,1659.921000,1673.314000,1678.207000,1682.658000,1687.262000,1687.907000,1689.478000,1690.225000,1692.297000,1693.074000,1699.893000,1700.518000,1704.142000,1705.242000,1836.450000,
shape=9216,3072 round=11 variant=q6-fused n=9216 nc=3072 reps=31 median_us=1546.767000 gops=36.607391 checksum=8996.61405242 samples_us=1517.188000,1520.988000,1521.108000,1522.247000,1526.381000,1527.891000,1529.389000,1532.652000,1533.296000,1533.828000,1534.549000,1536.222000,1542.008000,1542.433000,1546.250000,1546.767000,1550.723000,1552.171000,1552.657000,1553.628000,1553.699000,1553.776000,1555.711000,1572.235000,1577.865000,1579.497000,1582.248000,1583.809000,1592.450000,1598.461000,1634.626000,
