d6bd6b71c2a8e8786a1573d0dcf8bcf06c139e1223a2d2899ecdddca0ea8bc68  /var/tmp/e24-kernel/variants/baseline/libggml-cpu.so.0.18.0
07c523f56e7311093def7aa891ec262c0c4eb4d32ee09e0a1b6f3e062deac6ea  /var/tmp/e24-kernel/variants/unroll4/libggml-cpu.so.0.18.0
shape=3072,2304 round=1 variant=baseline n=3072 nc=2304 reps=31 median_us=189.989000 gops=74.508398 checksum=-37266.8265023 samples_us=187.614000,187.622000,187.633000,187.637000,187.670000,187.690000,187.702000,187.708000,187.738000,187.769000,187.792000,187.870000,189.563000,189.666000,189.958000,189.989000,190.006000,190.019000,190.048000,190.051000,190.075000,190.096000,190.149000,191.824000,192.053000,192.066000,192.087000,192.521000,193.443000,194.039000,204.772000,
shape=3072,2304 round=1 variant=unroll4 n=3072 nc=2304 reps=31 median_us=183.244000 gops=77.250966 checksum=-37266.8265023 samples_us=182.734000,182.886000,182.954000,182.976000,182.992000,183.003000,183.007000,183.063000,183.080000,183.099000,183.158000,183.174000,183.191000,183.192000,183.241000,183.244000,183.385000,183.730000,183.788000,185.045000,185.057000,185.116000,185.148000,185.330000,185.789000,186.065000,186.243000,186.314000,186.443000,187.465000,188.982000,
shape=3072,2304 round=2 variant=baseline n=3072 nc=2304 reps=31 median_us=190.363000 gops=74.362014 checksum=-37266.8265023 samples_us=187.967000,187.990000,187.999000,188.046000,188.172000,188.189000,188.201000,188.216000,188.403000,188.542000,188.573000,188.654000,188.996000,190.250000,190.342000,190.363000,190.375000,190.618000,190.831000,190.859000,191.237000,191.582000,192.306000,192.468000,192.612000,193.000000,193.834000,194.124000,194.237000,194.283000,230.500000,
shape=3072,2304 round=2 variant=unroll4 n=3072 nc=2304 reps=31 median_us=183.382000 gops=77.192832 checksum=-37266.8265023 samples_us=182.709000,182.711000,182.772000,182.832000,182.950000,182.957000,183.078000,183.080000,183.159000,183.183000,183.193000,183.229000,183.269000,183.312000,183.319000,183.382000,183.419000,183.446000,183.457000,184.511000,185.106000,185.255000,185.494000,185.537000,185.988000,186.229000,186.270000,188.006000,188.573000,208.869000,210.323000,
shape=3072,2304 round=3 variant=baseline n=3072 nc=2304 reps=31 median_us=191.264000 gops=74.011712 checksum=-37266.8265023 samples_us=187.991000,188.031000,188.087000,188.126000,189.138000,189.239000,189.278000,189.472000,189.624000,190.076000,190.274000,190.343000,190.367000,190.529000,190.971000,191.264000,191.487000,191.493000,191.849000,191.864000,191.907000,191.945000,192.020000,192.036000,192.094000,192.904000,193.535000,194.434000,194.770000,195.331000,195.609000,
shape=3072,2304 round=3 variant=unroll4 n=3072 nc=2304 reps=31 median_us=183.313000 gops=77.221888 checksum=-37266.8265023 samples_us=182.905000,182.977000,182.980000,182.981000,182.995000,182.996000,183.016000,183.019000,183.031000,183.039000,183.075000,183.089000,183.122000,183.153000,183.201000,183.313000,183.382000,183.421000,184.456000,185.196000,185.327000,185.416000,185.784000,185.996000,186.165000,186.361000,186.593000,188.051000,188.286000,197.149000,207.104000,
shape=3072,2304 round=4 variant=baseline n=3072 nc=2304 reps=31 median_us=190.707000 gops=74.227878 checksum=-37266.8265023 samples_us=188.082000,188.374000,188.486000,188.782000,190.207000,190.231000,190.286000,190.318000,190.335000,190.416000,190.455000,190.465000,190.593000,190.674000,190.703000,190.707000,190.878000,190.938000,191.157000,191.229000,191.268000,191.280000,191.514000,191.615000,191.790000,192.142000,192.404000,192.605000,194.498000,195.220000,235.088000,
shape=3072,2304 round=4 variant=unroll4 n=3072 nc=2304 reps=31 median_us=183.123000 gops=77.302010 checksum=-37266.8265023 samples_us=182.822000,182.826000,182.945000,182.950000,182.968000,182.969000,182.996000,183.019000,183.027000,183.035000,183.042000,183.078000,183.080000,183.093000,183.119000,183.123000,183.230000,183.396000,184.165000,185.271000,185.527000,185.547000,185.593000,185.678000,185.705000,186.183000,186.238000,186.362000,186.589000,187.946000,224.965000,
shape=3072,2304 round=5 variant=baseline n=3072 nc=2304 reps=31 median_us=192.060000 gops=73.704967 checksum=-37266.8265023 samples_us=189.121000,189.246000,189.256000,189.258000,189.372000,189.413000,189.530000,189.599000,189.660000,189.773000,190.485000,191.745000,191.764000,191.807000,191.843000,192.060000,192.212000,192.343000,192.429000,192.497000,192.529000,192.770000,192.971000,193.329000,193.448000,193.474000,194.118000,194.320000,194.867000,195.610000,197.704000,
shape=3072,2304 round=5 variant=unroll4 n=3072 nc=2304 reps=31 median_us=183.454000 gops=77.162537 checksum=-37266.8265023 samples_us=183.070000,183.150000,183.160000,183.173000,183.181000,183.183000,183.255000,183.264000,183.267000,183.273000,183.296000,183.305000,183.336000,183.345000,183.411000,183.454000,183.514000,183.588000,183.932000,185.610000,185.630000,185.633000,186.159000,186.549000,186.615000,186.863000,186.905000,187.337000,187.477000,187.616000,187.763000,
shape=3072,2304 round=6 variant=baseline n=3072 nc=2304 reps=31 median_us=190.452000 gops=74.327264 checksum=-37266.8265023 samples_us=187.928000,187.969000,187.978000,188.245000,188.282000,188.328000,190.187000,190.187000,190.196000,190.281000,190.315000,190.356000,190.365000,190.366000,190.369000,190.452000,190.510000,190.541000,190.562000,190.656000,191.267000,191.446000,191.672000,191.831000,192.774000,192.864000,193.328000,193.626000,193.641000,194.822000,215.064000,
shape=3072,2304 round=6 variant=unroll4 n=3072 nc=2304 reps=31 median_us=185.127000 gops=76.465216 checksum=-37266.8265023 samples_us=182.879000,183.000000,183.095000,183.107000,183.256000,183.273000,183.315000,183.556000,183.747000,183.856000,183.876000,183.877000,184.228000,184.591000,184.841000,185.127000,185.186000,185.264000,185.390000,185.480000,185.502000,186.865000,186.869000,187.274000,187.384000,187.385000,187.988000,188.121000,188.483000,188.637000,223.489000,
shape=3072,2304 round=7 variant=baseline n=3072 nc=2304 reps=31 median_us=190.351000 gops=74.366702 checksum=-37266.8265023 samples_us=187.718000,187.873000,187.951000,187.963000,188.033000,188.046000,188.162000,189.859000,190.034000,190.118000,190.188000,190.219000,190.227000,190.253000,190.335000,190.351000,190.394000,190.403000,190.470000,190.510000,190.769000,191.323000,191.415000,192.501000,192.865000,192.893000,193.056000,193.149000,193.287000,193.562000,194.863000,
shape=3072,2304 round=7 variant=unroll4 n=3072 nc=2304 reps=31 median_us=183.974000 gops=76.944438 checksum=-37266.8265023 samples_us=182.878000,183.024000,183.307000,183.352000,183.444000,183.591000,183.600000,183.648000,183.660000,183.721000,183.818000,183.841000,183.868000,183.891000,183.943000,183.974000,184.585000,184.792000,184.941000,185.226000,185.562000,185.771000,185.891000,186.136000,186.204000,186.326000,186.383000,186.692000,186.835000,187.075000,187.786000,
shape=3072,2304 round=8 variant=baseline n=3072 nc=2304 reps=31 median_us=190.611000 gops=74.265263 checksum=-37266.8265023 samples_us=187.785000,187.856000,187.880000,187.899000,187.903000,187.991000,188.024000,188.074000,188.495000,189.822000,190.090000,190.252000,190.385000,190.417000,190.471000,190.611000,190.622000,190.797000,190.972000,191.517000,192.373000,192.459000,192.568000,192.750000,193.119000,193.375000,193.741000,193.991000,194.675000,195.605000,220.612000,
shape=3072,2304 round=8 variant=unroll4 n=3072 nc=2304 reps=31 median_us=183.562000 gops=77.117138 checksum=-37266.8265023 samples_us=183.023000,183.114000,183.132000,183.141000,183.164000,183.181000,183.305000,183.309000,183.309000,183.317000,183.364000,183.397000,183.431000,183.528000,183.540000,183.562000,183.619000,183.878000,184.101000,184.320000,185.303000,185.325000,185.403000,185.894000,185.957000,185.991000,186.269000,187.391000,187.584000,188.036000,189.235000,
shape=3072,2304 round=9 variant=baseline n=3072 nc=2304 reps=31 median_us=190.585000 gops=74.275394 checksum=-37266.8265023 samples_us=187.742000,187.910000,188.807000,190.139000,190.201000,190.223000,190.225000,190.254000,190.259000,190.308000,190.311000,190.345000,190.399000,190.446000,190.583000,190.585000,190.731000,191.127000,191.532000,191.764000,191.920000,191.954000,192.052000,192.053000,192.503000,192.504000,192.846000,193.363000,194.161000,195.939000,224.539000,
shape=3072,2304 round=9 variant=unroll4 n=3072 nc=2304 reps=31 median_us=183.705000 gops=77.057108 checksum=-37266.8265023 samples_us=182.827000,182.877000,182.922000,182.991000,183.034000,183.048000,183.074000,183.086000,183.105000,183.106000,183.159000,183.233000,183.238000,183.333000,183.354000,183.705000,183.837000,183.932000,184.899000,185.351000,185.752000,186.306000,186.646000,186.706000,187.233000,187.368000,187.415000,187.634000,188.982000,223.623000,227.030000,
shape=3072,2304 round=10 variant=baseline n=3072 nc=2304 reps=31 median_us=190.524000 gops=74.299175 checksum=-37266.8265023 samples_us=187.826000,187.840000,187.871000,187.907000,187.965000,188.061000,188.092000,188.354000,190.138000,190.332000,190.340000,190.358000,190.359000,190.397000,190.433000,190.524000,190.575000,190.622000,190.642000,190.756000,191.153000,191.419000,191.889000,191.907000,192.204000,192.645000,193.283000,193.553000,194.885000,209.282000,215.004000,
shape=3072,2304 round=10 variant=unroll4 n=3072 nc=2304 reps=31 median_us=184.436000 gops=76.751697 checksum=-37266.8265023 samples_us=183.015000,183.047000,183.086000,183.170000,183.195000,183.214000,183.233000,183.362000,183.363000,183.408000,183.649000,183.697000,183.794000,183.979000,184.084000,184.436000,184.504000,184.786000,185.465000,185.565000,185.607000,185.629000,186.227000,186.268000,186.660000,186.895000,187.262000,188.266000,188.342000,188.982000,210.659000,
shape=3072,2304 round=11 variant=baseline n=3072 nc=2304 reps=31 median_us=190.376000 gops=74.356936 checksum=-37266.8265023 samples_us=187.884000,187.969000,188.009000,188.040000,188.064000,188.115000,188.118000,188.151000,188.255000,188.481000,188.560000,189.179000,189.725000,190.107000,190.159000,190.376000,190.478000,190.621000,190.754000,190.758000,190.843000,191.654000,191.823000,191.991000,192.670000,192.780000,192.831000,192.966000,193.580000,197.231000,237.958000,
shape=3072,2304 round=11 variant=unroll4 n=3072 nc=2304 reps=31 median_us=183.332000 gops=77.213885 checksum=-37266.8265023 samples_us=182.833000,182.956000,182.980000,182.983000,182.983000,182.997000,183.042000,183.053000,183.062000,183.072000,183.091000,183.106000,183.239000,183.300000,183.324000,183.332000,183.425000,183.468000,183.702000,185.186000,185.238000,185.240000,185.460000,185.481000,186.222000,186.238000,186.248000,186.553000,186.782000,187.643000,188.256000,
shape=9216,768 round=1 variant=baseline n=9216 nc=768 reps=31 median_us=190.803000 gops=74.190532 checksum=-42964.7998648 samples_us=188.205000,188.227000,188.239000,188.335000,188.352000,188.360000,188.395000,188.451000,188.533000,189.272000,190.402000,190.520000,190.695000,190.737000,190.751000,190.803000,190.848000,190.885000,190.911000,190.961000,191.144000,191.437000,192.364000,192.518000,192.816000,193.290000,193.570000,194.614000,195.308000,209.961000,224.529000,
shape=9216,768 round=1 variant=unroll4 n=9216 nc=768 reps=31 median_us=183.338000 gops=77.211358 checksum=-42964.7998648 samples_us=182.876000,182.928000,182.957000,182.980000,183.010000,183.050000,183.152000,183.155000,183.157000,183.176000,183.208000,183.252000,183.252000,183.273000,183.283000,183.338000,183.368000,183.392000,183.446000,183.685000,185.178000,185.218000,185.530000,185.566000,185.595000,186.337000,186.409000,186.712000,187.478000,187.980000,188.528000,
shape=9216,768 round=2 variant=baseline n=9216 nc=768 reps=31 median_us=190.759000 gops=74.207644 checksum=-42964.7998648 samples_us=188.194000,188.227000,188.263000,188.328000,188.339000,188.351000,188.368000,188.386000,188.393000,188.444000,188.527000,188.794000,189.857000,190.672000,190.687000,190.759000,190.809000,190.819000,190.876000,190.892000,191.454000,191.873000,192.326000,192.578000,192.649000,193.142000,193.167000,193.546000,194.434000,197.738000,225.897000,
shape=9216,768 round=2 variant=unroll4 n=9216 nc=768 reps=31 median_us=183.525000 gops=77.132685 checksum=-42964.7998648 samples_us=183.023000,183.024000,183.056000,183.070000,183.107000,183.141000,183.197000,183.201000,183.204000,183.207000,183.223000,183.248000,183.306000,183.357000,183.449000,183.525000,183.548000,183.999000,185.048000,185.271000,185.941000,186.066000,186.277000,186.335000,186.454000,186.698000,186.790000,187.158000,188.598000,190.285000,224.804000,
shape=9216,768 round=3 variant=baseline n=9216 nc=768 reps=31 median_us=193.020000 gops=73.338390 checksum=-42964.7998648 samples_us=188.880000,190.207000,190.708000,190.764000,190.772000,190.826000,190.911000,191.225000,191.291000,191.334000,191.482000,191.568000,192.710000,192.880000,192.992000,193.020000,193.163000,193.225000,193.340000,193.803000,194.077000,194.358000,194.590000,194.692000,194.693000,195.428000,197.162000,197.228000,198.250000,205.660000,233.185000,
shape=9216,768 round=3 variant=unroll4 n=9216 nc=768 reps=31 median_us=183.189000 gops=77.274159 checksum=-42964.7998648 samples_us=182.769000,182.770000,182.782000,182.838000,182.878000,182.903000,182.987000,182.990000,182.991000,183.000000,183.024000,183.065000,183.068000,183.126000,183.185000,183.189000,183.238000,183.258000,184.730000,184.930000,185.049000,185.332000,185.408000,185.430000,185.671000,186.237000,186.468000,186.659000,187.775000,188.855000,197.931000,
shape=9216,768 round=4 variant=baseline n=9216 nc=768 reps=31 median_us=190.915000 gops=74.147008 checksum=-42964.7998648 samples_us=188.153000,188.484000,188.495000,188.510000,188.554000,188.702000,190.177000,190.681000,190.685000,190.730000,190.756000,190.804000,190.834000,190.878000,190.899000,190.915000,191.018000,191.134000,191.268000,191.272000,192.257000,192.664000,192.677000,193.043000,193.195000,193.241000,194.030000,195.532000,195.698000,197.105000,230.571000,
shape=9216,768 round=4 variant=unroll4 n=9216 nc=768 reps=31 median_us=183.487000 gops=77.148659 checksum=-42964.7998648 samples_us=182.800000,182.805000,183.003000,183.051000,183.060000,183.080000,183.092000,183.098000,183.136000,183.172000,183.172000,183.225000,183.407000,183.430000,183.471000,183.487000,183.512000,183.642000,183.938000,185.226000,185.315000,185.444000,185.575000,186.097000,186.178000,186.252000,186.417000,186.843000,187.190000,187.457000,190.570000,
shape=9216,768 round=5 variant=baseline n=9216 nc=768 reps=31 median_us=192.536000 gops=73.522749 checksum=-42964.7998648 samples_us=190.798000,191.276000,191.346000,191.358000,191.391000,191.423000,191.455000,191.576000,191.750000,191.910000,192.111000,192.288000,192.443000,192.499000,192.516000,192.536000,192.791000,192.858000,192.946000,193.048000,193.426000,193.922000,194.027000,194.047000,194.178000,194.986000,195.670000,196.625000,197.233000,197.293000,206.563000,
shape=9216,768 round=5 variant=unroll4 n=9216 nc=768 reps=31 median_us=184.191000 gops=76.853788 checksum=-42964.7998648 samples_us=183.128000,183.257000,183.282000,183.441000,183.510000,183.522000,183.557000,183.568000,183.681000,183.738000,183.883000,183.948000,184.024000,184.035000,184.088000,184.191000,184.427000,184.437000,184.613000,184.811000,185.763000,185.872000,186.095000,186.151000,186.161000,186.584000,186.886000,187.963000,188.651000,188.719000,224.188000,
shape=9216,768 round=6 variant=baseline n=9216 nc=768 reps=31 median_us=191.272000 gops=74.008616 checksum=-42964.7998648 samples_us=190.603000,190.750000,190.838000,190.873000,190.878000,190.932000,190.960000,191.027000,191.050000,191.052000,191.091000,191.095000,191.096000,191.111000,191.151000,191.272000,191.486000,191.537000,191.639000,193.117000,193.160000,193.273000,193.686000,193.730000,194.124000,194.808000,195.487000,196.013000,197.087000,204.854000,206.023000,
shape=9216,768 round=6 variant=unroll4 n=9216 nc=768 reps=31 median_us=183.507000 gops=77.140251 checksum=-42964.7998648 samples_us=182.903000,182.992000,183.016000,183.024000,183.098000,183.116000,183.150000,183.153000,183.185000,183.264000,183.298000,183.300000,183.321000,183.321000,183.388000,183.507000,183.692000,183.937000,184.004000,184.038000,185.195000,185.236000,185.366000,185.797000,186.204000,187.379000,188.151000,188.218000,191.552000,194.793000,221.178000,
shape=9216,768 round=7 variant=baseline n=9216 nc=768 reps=31 median_us=190.983000 gops=74.120608 checksum=-42964.7998648 samples_us=188.198000,188.376000,188.562000,190.556000,190.584000,190.610000,190.617000,190.735000,190.744000,190.750000,190.848000,190.870000,190.938000,190.956000,190.968000,190.983000,191.001000,191.011000,191.057000,191.071000,191.837000,193.053000,193.057000,193.565000,193.956000,194.222000,194.779000,195.381000,195.985000,197.737000,208.607000,
shape=9216,768 round=7 variant=unroll4 n=9216 nc=768 reps=31 median_us=183.295000 gops=77.229472 checksum=-42964.7998648 samples_us=182.959000,183.028000,183.085000,183.090000,183.101000,183.119000,183.145000,183.158000,183.160000,183.173000,183.181000,183.204000,183.234000,183.258000,183.293000,183.295000,183.308000,183.368000,183.451000,183.801000,185.062000,185.463000,185.564000,185.648000,185.760000,186.099000,186.448000,186.573000,186.876000,187.324000,192.002000,
shape=9216,768 round=8 variant=baseline n=9216 nc=768 reps=31 median_us=190.889000 gops=74.157107 checksum=-42964.7998648 samples_us=188.175000,188.197000,188.267000,188.305000,188.375000,188.402000,188.639000,188.709000,188.737000,188.790000,188.813000,189.909000,190.246000,190.566000,190.848000,190.889000,190.972000,191.080000,191.272000,191.982000,192.073000,192.156000,192.392000,192.995000,193.111000,193.373000,193.850000,194.453000,194.544000,195.876000,225.014000,
shape=9216,768 round=8 variant=unroll4 n=9216 nc=768 reps=31 median_us=183.704000 gops=77.057527 checksum=-42964.7998648 samples_us=182.865000,182.886000,183.049000,183.083000,183.141000,183.145000,183.190000,183.261000,183.281000,183.304000,183.315000,183.350000,183.366000,183.397000,183.534000,183.704000,183.854000,184.118000,184.236000,184.285000,185.564000,185.743000,185.793000,186.050000,186.197000,186.717000,186.842000,187.325000,187.754000,192.292000,209.861000,
shape=9216,768 round=9 variant=baseline n=9216 nc=768 reps=31 median_us=191.738000 gops=73.828745 checksum=-42964.7998648 samples_us=188.288000,188.501000,188.595000,189.128000,189.327000,190.897000,191.120000,191.160000,191.340000,191.361000,191.372000,191.473000,191.525000,191.555000,191.588000,191.738000,191.789000,191.806000,191.820000,191.918000,192.008000,192.280000,194.206000,194.431000,194.581000,195.115000,195.296000,195.641000,197.529000,198.109000,199.990000,
shape=9216,768 round=9 variant=unroll4 n=9216 nc=768 reps=31 median_us=183.341000 gops=77.210095 checksum=-42964.7998648 samples_us=182.987000,183.002000,183.003000,183.026000,183.057000,183.085000,183.112000,183.163000,183.175000,183.191000,183.197000,183.211000,183.251000,183.257000,183.289000,183.341000,183.450000,183.499000,183.728000,183.742000,185.210000,185.212000,185.235000,185.351000,185.544000,185.566000,187.711000,187.791000,189.512000,191.364000,208.714000,
shape=9216,768 round=10 variant=baseline n=9216 nc=768 reps=31 median_us=190.846000 gops=74.173816 checksum=-42964.7998648 samples_us=188.246000,188.301000,188.310000,188.318000,188.329000,188.372000,188.394000,188.589000,190.437000,190.721000,190.723000,190.734000,190.747000,190.768000,190.793000,190.846000,190.847000,190.866000,190.891000,190.963000,191.200000,191.506000,191.525000,193.247000,193.437000,193.700000,194.315000,194.522000,195.513000,198.917000,223.904000,
shape=9216,768 round=10 variant=unroll4 n=9216 nc=768 reps=31 median_us=183.292000 gops=77.230736 checksum=-42964.7998648 samples_us=182.842000,182.885000,182.908000,182.934000,182.954000,182.959000,182.966000,182.996000,183.004000,183.014000,183.031000,183.033000,183.058000,183.127000,183.145000,183.292000,183.352000,183.373000,183.505000,185.131000,185.517000,185.519000,185.819000,185.990000,186.141000,187.996000,187.996000,189.035000,190.351000,190.854000,216.713000,
shape=9216,768 round=11 variant=baseline n=9216 nc=768 reps=31 median_us=191.146000 gops=74.057401 checksum=-42964.7998648 samples_us=190.710000,190.754000,190.777000,190.808000,190.810000,190.814000,190.820000,190.829000,190.832000,190.851000,190.898000,190.939000,190.972000,190.990000,191.008000,191.146000,191.222000,191.347000,191.755000,192.788000,192.842000,193.090000,193.178000,193.527000,193.750000,193.877000,194.142000,194.446000,195.015000,195.661000,214.923000,
shape=9216,768 round=11 variant=unroll4 n=9216 nc=768 reps=31 median_us=183.305000 gops=77.225258 checksum=-42964.7998648 samples_us=182.893000,182.964000,182.974000,183.042000,183.102000,183.113000,183.119000,183.122000,183.146000,183.151000,183.201000,183.206000,183.217000,183.221000,183.284000,183.305000,183.484000,183.522000,183.703000,183.733000,184.457000,185.704000,185.752000,185.803000,185.871000,186.101000,187.926000,188.792000,189.390000,210.017000,216.787000,
