shape=3072,2304 round=1 variant=baseline n=3072 nc=2304 reps=31 median_us=411.831000 gops=34.372779 checksum=-7944.5326308 samples_us=409.707000,409.785000,409.794000,409.871000,409.893000,409.920000,410.062000,410.146000,410.353000,410.922000,411.083000,411.536000,411.684000,411.749000,411.773000,411.831000,411.917000,412.215000,412.873000,412.886000,412.929000,413.024000,413.493000,414.400000,414.401000,414.449000,414.801000,415.025000,415.045000,415.597000,421.148000,
shape=3072,2304 round=1 variant=q6-final n=3072 nc=2304 reps=31 median_us=339.123000 gops=41.742306 checksum=-7944.5326308 samples_us=334.919000,335.238000,335.435000,335.895000,336.318000,336.498000,336.631000,336.781000,337.017000,337.241000,337.665000,338.008000,338.245000,338.733000,338.743000,339.123000,339.161000,339.723000,339.915000,340.418000,340.447000,340.605000,340.956000,341.625000,341.914000,342.245000,342.273000,342.661000,343.481000,344.400000,367.092000,
shape=3072,2304 round=2 variant=baseline n=3072 nc=2304 reps=31 median_us=413.480000 gops=34.235697 checksum=-7944.5326308 samples_us=410.692000,410.701000,410.803000,411.089000,411.316000,411.370000,411.523000,411.785000,411.932000,412.338000,412.392000,413.317000,413.341000,413.402000,413.432000,413.480000,414.060000,414.093000,414.288000,414.608000,414.741000,414.758000,414.830000,415.062000,415.207000,416.296000,416.529000,416.987000,417.332000,419.904000,436.674000,
shape=3072,2304 round=2 variant=q6-final n=3072 nc=2304 reps=31 median_us=336.429000 gops=42.076563 checksum=-7944.5326308 samples_us=332.821000,332.982000,333.015000,333.107000,333.471000,334.254000,335.035000,335.095000,335.153000,335.180000,335.180000,335.574000,335.578000,335.637000,335.796000,336.429000,337.143000,337.319000,337.462000,338.013000,338.217000,338.672000,338.862000,339.001000,347.574000,347.781000,349.723000,350.437000,350.897000,352.668000,357.075000,
shape=3072,2304 round=3 variant=baseline n=3072 nc=2304 reps=31 median_us=413.724000 gops=34.215506 checksum=-7944.5326308 samples_us=410.719000,411.136000,411.404000,411.436000,411.560000,411.585000,411.615000,411.816000,412.369000,412.622000,412.633000,412.684000,412.837000,413.312000,413.667000,413.724000,413.828000,413.884000,413.970000,414.073000,414.515000,414.823000,414.938000,416.124000,416.196000,416.479000,416.932000,417.305000,417.467000,417.543000,429.413000,
shape=3072,2304 round=3 variant=q6-final n=3072 nc=2304 reps=31 median_us=339.252000 gops=41.726433 checksum=-7944.5326308 samples_us=332.873000,334.778000,335.083000,336.305000,336.376000,336.617000,336.839000,336.899000,337.007000,337.633000,338.189000,338.604000,338.684000,338.768000,339.026000,339.252000,339.341000,339.544000,339.599000,340.058000,340.463000,340.482000,340.678000,341.093000,341.272000,341.639000,341.880000,342.022000,343.012000,345.012000,348.043000,
shape=3072,2304 round=4 variant=baseline n=3072 nc=2304 reps=31 median_us=412.785000 gops=34.293339 checksum=-7944.5326308 samples_us=409.068000,409.182000,409.292000,409.396000,409.402000,409.752000,409.895000,409.995000,409.996000,410.005000,411.533000,411.763000,412.505000,412.635000,412.683000,412.785000,412.910000,413.174000,413.218000,413.478000,413.572000,413.620000,413.893000,414.622000,415.082000,415.305000,415.943000,415.961000,416.335000,417.536000,426.580000,
shape=3072,2304 round=4 variant=q6-final n=3072 nc=2304 reps=31 median_us=338.847000 gops=41.776306 checksum=-7944.5326308 samples_us=333.925000,334.159000,334.232000,334.490000,334.727000,335.118000,335.290000,335.658000,335.709000,335.795000,336.309000,337.313000,337.769000,338.385000,338.604000,338.847000,339.802000,339.877000,339.916000,340.492000,340.679000,340.869000,340.910000,340.915000,341.083000,341.749000,342.152000,342.183000,344.308000,345.112000,353.095000,
shape=3072,2304 round=5 variant=baseline n=3072 nc=2304 reps=31 median_us=413.674000 gops=34.219642 checksum=-7944.5326308 samples_us=409.127000,409.141000,409.279000,409.547000,409.813000,410.589000,410.666000,410.949000,411.246000,411.745000,412.323000,412.331000,412.424000,412.807000,413.596000,413.674000,414.146000,414.166000,414.213000,414.722000,414.787000,414.982000,415.333000,416.041000,416.438000,416.833000,416.908000,416.942000,417.389000,418.365000,418.367000,
shape=3072,2304 round=5 variant=q6-final n=3072 nc=2304 reps=31 median_us=347.450000 gops=40.741908 checksum=-7944.5326308 samples_us=340.646000,342.102000,342.631000,343.026000,343.087000,343.444000,343.674000,344.287000,344.494000,345.205000,345.321000,345.804000,346.241000,346.895000,347.349000,347.450000,348.117000,348.204000,348.276000,348.491000,348.814000,349.126000,349.315000,349.755000,350.377000,351.591000,351.705000,353.343000,353.471000,354.848000,400.927000,
shape=3072,2304 round=6 variant=baseline n=3072 nc=2304 reps=31 median_us=412.649000 gops=34.304641 checksum=-7944.5326308 samples_us=408.731000,408.915000,409.125000,409.182000,409.466000,410.119000,410.405000,410.478000,410.754000,410.917000,410.929000,411.557000,411.805000,412.521000,412.580000,412.649000,413.103000,413.116000,413.221000,413.483000,413.670000,413.779000,414.377000,414.662000,415.074000,415.399000,416.352000,416.881000,417.962000,418.376000,421.193000,
shape=3072,2304 round=6 variant=q6-final n=3072 nc=2304 reps=31 median_us=339.745000 gops=41.665885 checksum=-7944.5326308 samples_us=334.316000,334.340000,335.512000,336.630000,336.837000,336.961000,337.363000,337.471000,337.930000,338.022000,338.328000,338.455000,338.469000,338.729000,339.602000,339.745000,339.813000,340.592000,340.835000,341.474000,341.496000,342.203000,342.723000,343.376000,344.436000,344.726000,344.941000,345.393000,346.033000,346.145000,353.567000,
shape=3072,2304 round=7 variant=baseline n=3072 nc=2304 reps=31 median_us=412.596000 gops=34.309048 checksum=-7944.5326308 samples_us=409.758000,409.792000,409.804000,409.896000,410.110000,410.246000,410.593000,410.905000,411.323000,411.493000,411.607000,411.778000,411.846000,412.380000,412.411000,412.596000,412.685000,412.694000,412.790000,412.887000,412.915000,413.376000,413.413000,413.857000,414.052000,414.651000,414.742000,414.979000,416.827000,418.832000,446.304000,
shape=3072,2304 round=7 variant=q6-final n=3072 nc=2304 reps=31 median_us=339.761000 gops=41.663923 checksum=-7944.5326308 samples_us=335.441000,336.185000,336.250000,336.294000,336.342000,336.356000,336.522000,337.335000,338.091000,338.186000,339.210000,339.223000,339.275000,339.542000,339.717000,339.761000,339.804000,339.828000,339.866000,340.205000,340.242000,340.625000,340.714000,340.821000,341.279000,341.855000,341.961000,342.437000,342.822000,345.953000,363.029000,
shape=3072,2304 round=8 variant=baseline n=3072 nc=2304 reps=31 median_us=412.702000 gops=34.300236 checksum=-7944.5326308 samples_us=408.339000,408.575000,408.634000,408.642000,409.495000,409.730000,409.742000,410.242000,410.469000,411.032000,411.052000,411.879000,411.959000,412.042000,412.620000,412.702000,412.748000,412.891000,412.908000,413.033000,413.182000,413.293000,413.846000,414.721000,415.086000,416.075000,416.458000,416.687000,416.727000,417.554000,461.916000,
shape=3072,2304 round=8 variant=q6-final n=3072 nc=2304 reps=31 median_us=334.449000 gops=42.325664 checksum=-7944.5326308 samples_us=332.226000,332.797000,332.882000,333.065000,333.157000,333.605000,333.796000,333.882000,333.968000,334.110000,334.158000,334.220000,334.228000,334.277000,334.415000,334.449000,334.784000,334.872000,335.585000,337.829000,338.142000,338.390000,339.003000,339.103000,340.175000,340.228000,341.478000,341.604000,342.011000,343.773000,347.423000,
shape=3072,2304 round=9 variant=baseline n=3072 nc=2304 reps=31 median_us=412.736000 gops=34.297410 checksum=-7944.5326308 samples_us=408.575000,409.147000,409.462000,409.535000,409.600000,409.830000,410.405000,410.413000,410.543000,411.820000,412.332000,412.381000,412.435000,412.526000,412.628000,412.736000,413.020000,413.262000,413.336000,413.637000,413.659000,414.180000,414.297000,414.386000,414.914000,416.101000,416.252000,416.554000,416.911000,418.164000,420.475000,
shape=3072,2304 round=9 variant=q6-final n=3072 nc=2304 reps=31 median_us=337.907000 gops=41.892521 checksum=-7944.5326308 samples_us=333.719000,333.827000,333.828000,333.840000,333.973000,333.993000,334.415000,334.501000,334.918000,334.926000,335.177000,335.736000,336.542000,337.030000,337.803000,337.907000,338.053000,338.106000,338.620000,338.807000,338.815000,339.232000,339.445000,339.782000,339.838000,339.982000,341.004000,341.012000,341.415000,345.136000,351.338000,
shape=3072,2304 round=10 variant=baseline n=3072 nc=2304 reps=31 median_us=413.611000 gops=34.224854 checksum=-7944.5326308 samples_us=409.477000,410.000000,410.106000,410.161000,410.243000,410.393000,410.420000,410.552000,411.420000,412.234000,412.464000,413.007000,413.118000,413.216000,413.443000,413.611000,413.894000,414.052000,414.123000,414.180000,414.417000,415.092000,415.172000,415.614000,417.215000,417.234000,417.260000,417.361000,417.435000,418.282000,433.999000,
shape=3072,2304 round=10 variant=q6-final n=3072 nc=2304 reps=31 median_us=339.786000 gops=41.660857 checksum=-7944.5326308 samples_us=335.789000,335.824000,336.160000,336.546000,336.577000,336.624000,336.845000,336.925000,338.123000,338.382000,338.552000,339.080000,339.357000,339.563000,339.593000,339.786000,340.119000,340.581000,340.901000,341.005000,341.238000,341.547000,342.750000,342.937000,343.469000,343.800000,344.687000,346.854000,347.590000,348.667000,391.446000,
shape=3072,2304 round=11 variant=baseline n=3072 nc=2304 reps=31 median_us=413.002000 gops=34.275321 checksum=-7944.5326308 samples_us=408.611000,408.904000,409.001000,409.071000,409.187000,409.291000,409.361000,409.937000,410.088000,411.317000,411.797000,411.909000,412.148000,412.209000,412.770000,413.002000,413.048000,413.203000,413.676000,413.676000,413.923000,414.109000,414.246000,415.215000,415.921000,415.970000,416.026000,416.399000,416.954000,418.586000,420.064000,
shape=3072,2304 round=11 variant=q6-final n=3072 nc=2304 reps=31 median_us=340.870000 gops=41.528372 checksum=-7944.5326308 samples_us=335.715000,336.092000,336.311000,336.326000,336.457000,336.511000,336.582000,336.717000,337.164000,337.802000,338.173000,339.136000,339.416000,339.634000,340.050000,340.870000,341.122000,341.378000,341.402000,341.994000,342.169000,342.435000,342.563000,343.187000,343.324000,344.078000,344.328000,344.509000,344.524000,344.984000,368.264000,
shape=9216,768 round=1 variant=baseline n=9216 nc=768 reps=31 median_us=413.223000 gops=34.256990 checksum=-7431.93078804 samples_us=409.068000,409.409000,409.559000,409.675000,409.920000,409.955000,410.008000,410.069000,410.330000,410.342000,410.466000,412.476000,412.780000,412.890000,413.113000,413.223000,413.227000,413.319000,413.630000,413.687000,413.932000,414.355000,414.526000,415.408000,416.088000,416.609000,416.616000,416.669000,416.749000,416.948000,417.181000,
shape=9216,768 round=1 variant=q6-final n=9216 nc=768 reps=31 median_us=338.925000 gops=41.766692 checksum=-7431.93078804 samples_us=331.596000,334.457000,334.822000,335.079000,335.915000,336.272000,336.393000,336.500000,336.668000,336.687000,336.808000,337.654000,338.361000,338.713000,338.887000,338.925000,339.131000,339.186000,339.235000,339.653000,339.871000,339.935000,340.002000,340.342000,340.380000,340.461000,340.608000,340.789000,342.980000,344.729000,347.850000,
shape=9216,768 round=2 variant=baseline n=9216 nc=768 reps=31 median_us=412.459000 gops=34.320444 checksum=-7431.93078804 samples_us=409.566000,409.688000,409.859000,409.944000,409.948000,410.087000,410.599000,410.764000,410.892000,411.581000,411.622000,411.846000,411.863000,411.981000,412.240000,412.459000,412.494000,412.590000,413.046000,413.112000,413.563000,413.742000,413.917000,414.162000,414.342000,414.462000,414.779000,414.856000,415.483000,416.338000,441.977000,
shape=9216,768 round=2 variant=q6-final n=9216 nc=768 reps=31 median_us=338.630000 gops=41.803077 checksum=-7431.93078804 samples_us=334.675000,335.027000,335.501000,335.907000,336.386000,336.463000,336.645000,336.968000,336.969000,337.381000,338.254000,338.341000,338.366000,338.592000,338.622000,338.630000,338.692000,339.388000,339.500000,339.531000,339.663000,340.380000,340.534000,340.643000,341.333000,341.413000,341.586000,343.025000,343.837000,344.287000,345.138000,
shape=9216,768 round=3 variant=baseline n=9216 nc=768 reps=31 median_us=413.968000 gops=34.195339 checksum=-7431.93078804 samples_us=408.919000,410.375000,410.423000,410.561000,410.609000,410.678000,411.130000,411.268000,411.464000,413.288000,413.508000,413.534000,413.799000,413.869000,413.888000,413.968000,414.077000,414.276000,414.452000,414.651000,414.708000,415.334000,415.378000,415.743000,415.834000,415.847000,416.371000,416.594000,417.079000,418.165000,442.464000,
shape=9216,768 round=3 variant=q6-final n=9216 nc=768 reps=31 median_us=340.537000 gops=41.568981 checksum=-7431.93078804 samples_us=333.174000,336.771000,336.913000,336.919000,337.267000,337.409000,337.523000,337.789000,337.972000,338.562000,338.622000,338.810000,339.597000,339.694000,339.785000,340.537000,340.603000,341.161000,341.532000,341.882000,341.994000,342.232000,342.606000,342.779000,343.983000,343.985000,345.352000,345.652000,345.744000,346.082000,348.625000,
shape=9216,768 round=4 variant=baseline n=9216 nc=768 reps=31 median_us=413.746000 gops=34.213687 checksum=-7431.93078804 samples_us=409.974000,410.019000,410.482000,410.648000,410.761000,410.966000,411.330000,411.474000,411.620000,411.651000,412.252000,412.665000,412.910000,412.967000,413.421000,413.746000,413.806000,414.096000,414.277000,414.789000,414.913000,415.125000,415.166000,415.347000,415.854000,416.018000,416.682000,417.771000,418.053000,420.527000,429.728000,
shape=9216,768 round=4 variant=q6-final n=9216 nc=768 reps=31 median_us=340.302000 gops=41.597687 checksum=-7431.93078804 samples_us=336.020000,336.260000,336.800000,337.214000,337.469000,337.478000,337.695000,337.798000,338.404000,338.830000,339.345000,339.866000,339.877000,339.974000,340.098000,340.302000,340.809000,341.042000,341.151000,341.599000,342.029000,342.443000,342.537000,342.566000,343.010000,343.012000,344.150000,345.328000,345.458000,345.964000,361.934000,
shape=9216,768 round=5 variant=baseline n=9216 nc=768 reps=31 median_us=412.633000 gops=34.305972 checksum=-7431.93078804 samples_us=409.329000,409.414000,409.445000,409.466000,409.511000,409.520000,409.764000,409.872000,410.005000,410.430000,410.713000,411.298000,412.140000,412.391000,412.585000,412.633000,413.039000,413.181000,413.360000,413.452000,413.489000,413.497000,413.710000,414.024000,414.111000,416.000000,416.039000,416.314000,416.811000,420.118000,436.456000,
shape=9216,768 round=5 variant=q6-final n=9216 nc=768 reps=31 median_us=338.421000 gops=41.828894 checksum=-7431.93078804 samples_us=334.572000,334.769000,335.970000,336.145000,336.339000,337.034000,337.080000,337.521000,337.618000,337.982000,337.990000,338.054000,338.091000,338.274000,338.420000,338.421000,338.607000,338.767000,339.665000,339.767000,339.802000,339.811000,339.815000,340.249000,340.376000,340.664000,340.747000,341.825000,341.893000,343.828000,371.116000,
shape=9216,768 round=6 variant=baseline n=9216 nc=768 reps=31 median_us=412.900000 gops=34.283788 checksum=-7431.93078804 samples_us=408.630000,408.717000,409.510000,409.900000,409.947000,410.046000,410.266000,410.306000,410.972000,411.000000,411.041000,412.155000,412.281000,412.566000,412.687000,412.900000,412.923000,413.653000,413.823000,414.050000,414.805000,415.327000,415.452000,415.907000,415.913000,416.753000,417.084000,417.406000,418.293000,418.875000,428.777000,
shape=9216,768 round=6 variant=q6-final n=9216 nc=768 reps=31 median_us=345.044000 gops=41.026002 checksum=-7431.93078804 samples_us=340.506000,340.514000,340.588000,341.411000,341.661000,341.858000,341.999000,342.754000,342.805000,342.945000,343.869000,344.009000,344.224000,344.327000,344.609000,345.044000,345.201000,345.420000,345.713000,346.032000,346.862000,347.015000,347.676000,347.853000,348.058000,349.119000,350.127000,350.464000,350.532000,352.726000,376.354000,
shape=9216,768 round=7 variant=baseline n=9216 nc=768 reps=31 median_us=412.789000 gops=34.293007 checksum=-7431.93078804 samples_us=409.651000,409.841000,409.882000,410.262000,410.479000,410.796000,410.817000,411.206000,411.430000,411.691000,411.771000,412.300000,412.344000,412.392000,412.520000,412.789000,413.104000,413.169000,413.221000,413.256000,413.373000,414.366000,414.770000,414.987000,415.290000,415.368000,415.706000,415.902000,415.954000,417.972000,419.868000,
shape=9216,768 round=7 variant=q6-final n=9216 nc=768 reps=31 median_us=339.844000 gops=41.653747 checksum=-7431.93078804 samples_us=335.184000,335.339000,335.458000,336.720000,337.051000,337.364000,337.421000,338.142000,338.233000,338.817000,338.831000,338.921000,339.032000,339.148000,339.213000,339.844000,339.904000,340.406000,340.419000,340.633000,340.716000,340.755000,341.908000,342.505000,342.799000,342.828000,343.147000,343.202000,344.507000,344.675000,389.871000,
shape=9216,768 round=8 variant=baseline n=9216 nc=768 reps=31 median_us=412.771000 gops=34.294502 checksum=-7431.93078804 samples_us=408.349000,409.151000,409.381000,409.437000,409.536000,409.603000,409.680000,410.037000,411.306000,411.410000,411.558000,411.829000,412.026000,412.035000,412.103000,412.771000,412.913000,413.027000,413.355000,414.128000,414.436000,415.180000,415.285000,415.542000,415.812000,416.285000,416.449000,416.673000,417.557000,419.222000,428.029000,
shape=9216,768 round=8 variant=q6-final n=9216 nc=768 reps=31 median_us=339.692000 gops=41.672386 checksum=-7431.93078804 samples_us=333.880000,334.919000,335.693000,335.785000,335.834000,335.992000,336.342000,336.480000,337.106000,337.586000,337.663000,338.567000,338.792000,338.843000,339.502000,339.692000,339.888000,340.283000,340.379000,340.395000,340.410000,341.072000,341.177000,342.296000,343.231000,343.389000,343.485000,343.486000,344.607000,344.700000,349.024000,
shape=9216,768 round=9 variant=baseline n=9216 nc=768 reps=31 median_us=414.008000 gops=34.192035 checksum=-7431.93078804 samples_us=409.988000,410.088000,410.122000,410.467000,410.825000,410.840000,410.931000,410.976000,411.025000,411.224000,412.139000,413.033000,413.293000,413.413000,413.970000,414.008000,414.202000,414.826000,414.912000,415.399000,415.541000,415.773000,415.973000,416.058000,416.589000,416.878000,417.028000,417.575000,418.474000,419.857000,427.667000,
shape=9216,768 round=9 variant=q6-final n=9216 nc=768 reps=31 median_us=340.526000 gops=41.570324 checksum=-7431.93078804 samples_us=335.394000,336.229000,336.576000,336.711000,337.242000,337.360000,338.118000,338.728000,338.847000,339.335000,339.438000,339.928000,340.079000,340.312000,340.357000,340.526000,340.541000,341.262000,341.660000,341.692000,341.752000,342.108000,342.241000,342.477000,343.240000,344.358000,344.708000,345.434000,347.007000,350.467000,366.649000,
shape=9216,768 round=10 variant=baseline n=9216 nc=768 reps=31 median_us=413.586000 gops=34.226923 checksum=-7431.93078804 samples_us=409.520000,409.759000,410.175000,410.234000,410.408000,410.482000,410.503000,411.082000,411.874000,411.937000,412.496000,412.791000,413.103000,413.375000,413.402000,413.586000,413.718000,413.748000,414.461000,414.706000,415.180000,415.780000,416.151000,416.218000,416.339000,417.303000,417.521000,417.901000,418.414000,418.954000,435.883000,
shape=9216,768 round=10 variant=q6-final n=9216 nc=768 reps=31 median_us=341.010000 gops=41.511322 checksum=-7431.93078804 samples_us=330.846000,333.103000,335.574000,335.979000,336.913000,337.378000,338.165000,338.378000,339.431000,339.503000,340.144000,340.428000,340.669000,340.828000,340.940000,341.010000,341.049000,341.317000,341.522000,341.763000,342.062000,342.145000,342.377000,342.495000,342.814000,342.962000,343.827000,344.977000,345.445000,348.376000,349.058000,
shape=9216,768 round=11 variant=baseline n=9216 nc=768 reps=31 median_us=413.308000 gops=34.249944 checksum=-7431.93078804 samples_us=409.395000,409.444000,409.515000,409.519000,409.519000,410.028000,410.157000,411.459000,411.510000,412.287000,412.389000,412.832000,412.833000,412.991000,413.251000,413.308000,413.513000,413.543000,413.644000,414.062000,414.119000,414.194000,414.238000,415.206000,415.432000,416.157000,416.409000,416.714000,417.371000,417.569000,432.082000,
shape=9216,768 round=11 variant=q6-final n=9216 nc=768 reps=31 median_us=338.821000 gops=41.779512 checksum=-7431.93078804 samples_us=334.733000,334.844000,334.854000,335.061000,335.135000,335.433000,335.581000,335.698000,335.728000,335.768000,335.852000,336.073000,336.192000,337.570000,337.880000,338.821000,338.906000,339.838000,340.446000,340.620000,340.918000,341.862000,341.864000,341.993000,342.078000,342.649000,343.186000,343.246000,343.832000,344.138000,376.245000,
